"transaction","items"
"1","{citrus fruit;semi-finished bread;margarine;ready soups}"
"2","{tropical fruit;yogurt;coffee}"
"3","{whole milk}"
"4","{pip fruit;yogurt;cream cheese ;meat spreads}"
"5","{other vegetables;whole milk;condensed milk;long life bakery product}"
"6","{whole milk;butter;yogurt;rice;abrasive cleaner}"
"7","{rolls/buns}"
"8","{other vegetables;UHT-milk;rolls/buns;bottled beer;liquor (appetizer)}"
"9","{pot plants}"
"10","{whole milk;cereals}"
"11","{tropical fruit;other vegetables;white bread;bottled water;chocolate}"
"12","{citrus fruit;tropical fruit;whole milk;butter;curd;yogurt;flour;bottled water;dishes}"
"13","{beef}"
"14","{frankfurter;rolls/buns;soda}"
"15","{chicken;tropical fruit}"
"16","{butter;sugar;fruit/vegetable juice;newspapers}"
"17","{fruit/vegetable juice}"
"18","{packaged fruit/vegetables}"
"19","{chocolate}"
"20","{specialty bar}"
"21","{other vegetables}"
"22","{butter milk;pastry}"
"23","{whole milk}"
"24","{tropical fruit;cream cheese ;processed cheese;detergent;newspapers}"
"25","{tropical fruit;root vegetables;other vegetables;frozen dessert;rolls/buns;flour;sweet spreads;salty snack;waffles;candy;bathroom cleaner}"
"26","{bottled water;canned beer}"
"27","{yogurt}"
"28","{sausage;rolls/buns;soda;chocolate}"
"29","{other vegetables}"
"30","{brown bread;soda;fruit/vegetable juice;canned beer;newspapers;shopping bags}"
"31","{yogurt;beverages;bottled water;specialty bar}"
"32","{hamburger meat;other vegetables;rolls/buns;spices;bottled water;hygiene articles;napkins}"
"33","{root vegetables;other vegetables;whole milk;beverages;sugar}"
"34","{pork;berries;other vegetables;whole milk;whipped/sour cream;artif. sweetener;soda;abrasive cleaner}"
"35","{beef;grapes;detergent}"
"36","{pastry;soda}"
"37","{fruit/vegetable juice}"
"38","{canned beer}"
"39","{root vegetables;other vegetables;whole milk;dessert}"
"40","{citrus fruit;zwieback;newspapers}"
"41","{sausage;rolls/buns;soda;canned beer;specialty bar;shopping bags}"
"42","{tropical fruit;root vegetables;whole milk;yogurt;domestic eggs;brown bread;pastry;sugar;cereals;coffee;soda;waffles;candy}"
"43","{berries;yogurt}"
"44","{canned beer}"
"45","{butter milk;yogurt;cream cheese ;spread cheese;rolls/buns;bottled water;soda;newspapers}"
"46","{coffee}"
"47","{pastry;bottled water}"
"48","{rolls/buns}"
"49","{misc. beverages}"
"50","{root vegetables;other vegetables;butter;curd;whipped/sour cream;UHT-milk;hard cheese;rolls/buns;bottled water;long life bakery product}"
"51","{sausage;rolls/buns;cat food;newspapers}"
"52","{canned beer}"
"53","{ham;grapes;other vegetables;whole milk}"
"54","{turkey;tropical fruit;other vegetables;curd;domestic eggs;brown bread;semi-finished bread;margarine;baking powder;fruit/vegetable juice}"
"55","{whole milk;yogurt;processed cheese;pickled vegetables;soda}"
"56","{whole milk;curd;yogurt;pastry}"
"57","{packaged fruit/vegetables;brown bread;canned beer}"
"58","{rolls/buns;oil;bottled water;chewing gum;chocolate marshmallow;hygiene articles;napkins}"
"59","{ham;beef;whipped/sour cream;ice cream;rolls/buns;cat food}"
"60","{rolls/buns;pastry;sugar}"
"61","{other vegetables;whole milk;frozen vegetables;canned fish;salty snack;seasonal products;detergent}"
"62","{sausage;pastry}"
"63","{sausage;beef;whole milk}"
"64","{frankfurter;tropical fruit;rolls/buns;brown bread;sugar}"
"65","{rolls/buns;pastry;soda}"
"66","{whole milk}"
"67","{curd cheese;coffee}"
"68","{red/blush wine;newspapers}"
"69","{sausage;whole milk;curd}"
"70","{tropical fruit;pip fruit;berries;whole milk;frozen potato products;rolls/buns;pickled vegetables;chocolate}"
"71","{red/blush wine}"
"72","{whole milk;butter;margarine;specialty fat;specialty chocolate;candles;flower (seeds)}"
"73","{frankfurter;citrus fruit;whole milk;domestic eggs;oil;sparkling wine;specialty chocolate;newspapers}"
"74","{whole milk;meat spreads;soda}"
"75","{frozen potato products}"
"76","{other vegetables;whole milk;rolls/buns;sugar}"
"77","{citrus fruit;whole milk;curd;butter milk;pastry}"
"78","{flour;salt;bottled water;fruit/vegetable juice;bottled beer}"
"79","{sugar;bottled water;soda;bottled beer}"
"80","{frozen meals;coffee}"
"81","{chocolate}"
"82","{root vegetables;whole milk;frozen vegetables;domestic eggs;rolls/buns;oil;margarine;canned vegetables;fruit/vegetable juice;bathroom cleaner}"
"83","{root vegetables;onions;hard cheese;frozen vegetables}"
"84","{herbs;condensed milk;frozen vegetables;salt;oil;white wine;candles}"
"85","{bottled water}"
"86","{sausage;root vegetables;onions;yogurt;rolls/buns;brandy;detergent}"
"87","{coffee;newspapers}"
"88","{pork;other vegetables;whipped/sour cream}"
"89","{berries;yogurt}"
"90","{soda}"
"91","{berries}"
"92","{fruit/vegetable juice;salty snack;candles}"
"93","{citrus fruit;butter milk;yogurt;cream cheese }"
"94","{pork;hamburger meat;citrus fruit;berries;onions;whipped/sour cream;rice;coffee;chocolate}"
"95","{detergent}"
"96","{grapes;photo/film}"
"97","{sausage;sliced cheese;rolls/buns;brown bread;fruit/vegetable juice;canned beer;red/blush wine;waffles;shopping bags}"
"98","{chicken;hamburger meat;citrus fruit;tropical fruit;root vegetables;other vegetables;butter;pasta;oil;detergent}"
"99","{whole milk;yogurt;brown bread}"
"100","{citrus fruit;tropical fruit}"
"101","{soda;misc. beverages}"
"102","{sausage;pork;grapes;whole milk;rolls/buns;pastry;soda;specialty bar;bathroom cleaner}"
"103","{frankfurter;rolls/buns;bottled water}"
"104","{sausage;whole milk;yogurt;coffee;fruit/vegetable juice;bottled beer;softener;napkins;photo/film;shopping bags}"
"105","{soda}"
"106","{rolls/buns;fruit/vegetable juice}"
"107","{beef;citrus fruit;berries;root vegetables;brown bread;detergent}"
"108","{whole milk;whipped/sour cream;rolls/buns;soda;waffles;candy;cling film/bags}"
"109","{processed cheese}"
"110","{tropical fruit;pip fruit}"
"111","{frankfurter;sausage;root vegetables;other vegetables;rolls/buns;oil;pickled vegetables;bottled beer;chewing gum;dishes}"
"112","{packaged fruit/vegetables;bottled water}"
"113","{whole milk;dessert;frozen vegetables;rolls/buns;margarine;bottled water;red/blush wine;newspapers}"
"114","{berries;whipped/sour cream}"
"115","{citrus fruit;berries;UHT-milk;processed cheese}"
"116","{tropical fruit;whole milk;yogurt}"
"117","{hamburger meat;whole milk;frozen vegetables;rolls/buns;bottled beer;sparkling wine}"
"118","{hamburger meat;other vegetables;whole milk;frozen vegetables;domestic eggs;soda;dishes}"
"119","{whole milk;cream cheese ;soda}"
"120","{fish;other vegetables;pastry;margarine;coffee;long life bakery product;male cosmetics;shopping bags}"
"121","{frankfurter;sausage;long life bakery product;waffles}"
"122","{packaged fruit/vegetables;dessert;semi-finished bread;canned beer}"
"123","{pastry;soda}"
"124","{other vegetables;red/blush wine}"
"125","{misc. beverages}"
"126","{frankfurter;sausage;citrus fruit;tropical fruit;pip fruit;whole milk;hard cheese;cream cheese ;domestic eggs;rice;sugar;canned fruit;misc. beverages;fruit/vegetable juice;hygiene articles}"
"127","{sparkling wine}"
"128","{specialty bar}"
"129","{sausage;butter milk;rolls/buns}"
"130","{curd cheese}"
"131","{frankfurter;dessert}"
"132","{whole milk;yogurt;beverages;brown bread;shopping bags}"
"133","{newspapers}"
"134","{berries;soda}"
"135","{curd;flour;liquor (appetizer)}"
"136","{tropical fruit;other vegetables;coffee}"
"137","{soda}"
"138","{rolls/buns;Instant food products}"
"139","{canned beer}"
"140","{canned beer}"
"141","{frankfurter;sausage;whole milk;rolls/buns;margarine}"
"142","{other vegetables;misc. beverages;canned beer}"
"143","{whole milk;frozen vegetables}"
"144","{whole milk}"
"145","{citrus fruit;butter;cream cheese ;white bread;oil;margarine;newspapers}"
"146","{frankfurter;rolls/buns}"
"147","{frankfurter;ham;pip fruit;other vegetables;whole milk;soft cheese;frozen vegetables;rolls/buns;sugar;baking powder}"
"148","{butter milk;yogurt;honey;soda;detergent}"
"149","{hamburger meat;citrus fruit;onions;rolls/buns;bottled water;dental care}"
"150","{pasta;popcorn}"
"151","{other vegetables;whole milk;meat spreads;cake bar;chocolate;shopping bags}"
"152","{sausage;pork;citrus fruit;dessert;white bread;dishes;candles}"
"153","{rolls/buns}"
"154","{grapes;other vegetables;curd;dessert;yogurt;napkins}"
"155","{root vegetables;other vegetables;whole milk;yogurt;beverages;soft cheese;frozen vegetables;fruit/vegetable juice;bottled beer}"
"156","{coffee;shopping bags}"
"157","{popcorn}"
"158","{whole milk;rolls/buns;sugar;bottled water;soda}"
"159","{tropical fruit;other vegetables;packaged fruit/vegetables;whole milk;snack products}"
"160","{beef;herbs;flour;cling film/bags;flower soil/fertilizer}"
"161","{whole milk;butter;dessert;rolls/buns}"
"162","{frankfurter;soda;chewing gum}"
"163","{tropical fruit;specialty cheese;bottled water}"
"164","{canned beer}"
"165","{finished products;other vegetables;frozen vegetables;bottled beer}"
"166","{beverages;soda}"
"167","{hamburger meat;root vegetables;whole milk}"
"168","{whole milk;pastry;long life bakery product}"
"169","{finished products;white wine;shopping bags}"
"170","{other vegetables}"
"171","{ham;tropical fruit;other vegetables;whole milk;white bread;brown bread;fruit/vegetable juice;bottled beer}"
"172","{other vegetables}"
"173","{curd;butter milk;cocoa drinks;salty snack;popcorn}"
"174","{bottled beer}"
"175","{curd;dessert;soda;salty snack;waffles;cake bar;chocolate;shopping bags}"
"176","{whole milk;cream cheese ;cereals;dog food}"
"177","{whole milk;salt}"
"178","{dessert;ice cream}"
"179","{sausage;soft cheese;coffee}"
"180","{other vegetables;bottled water;waffles;dishes;shopping bags}"
"181","{ham;whole milk;rolls/buns}"
"182","{other vegetables;ice cream}"
"183","{other vegetables;bottled water}"
"184","{soda;bottled beer;white wine;prosecco}"
"185","{herbs;candy}"
"186","{frankfurter;ham;tropical fruit;pip fruit;root vegetables;other vegetables;whole milk;butter;curd;yogurt;whipped/sour cream;soft cheese;sliced cheese;cream cheese ;frozen meals;frozen fish;domestic eggs;white bread;sugar;cereals;fruit/vegetable juice;bottled beer;waffles}"
"187","{rolls/buns;canned beer}"
"188","{curd;cream cheese ;semi-finished bread;zwieback;cake bar;specialty bar;shopping bags}"
"189","{frankfurter;tropical fruit;whole milk;spread cheese;margarine;shopping bags}"
"190","{other vegetables}"
"191","{dog food}"
"192","{specialty bar}"
"193","{curd;salt;liquor (appetizer);detergent;shopping bags}"
"194","{frankfurter;rolls/buns}"
"195","{soda}"
"196","{beef;berries;root vegetables;whole milk;dessert;spread cheese;brown bread}"
"197","{canned beer}"
"198","{pork;beef;pip fruit;herbs;spices}"
"199","{frankfurter;citrus fruit;UHT-milk;margarine;sugar}"
"200","{sausage;bottled beer;liquor (appetizer)}"
"201","{canned beer}"
"202","{specialty chocolate}"
"203","{curd;rolls/buns}"
"204","{canned beer}"
"205","{whole milk;bottled water;newspapers}"
"206","{rolls/buns;chewing gum}"
"207","{pork;root vegetables;other vegetables;whole milk;dishes}"
"208","{citrus fruit;pastry}"
"209","{pot plants}"
"210","{rolls/buns;pastry;soda}"
"211","{butter;yogurt;bottled water;soda;make up remover;hygiene articles}"
"212","{condensed milk;sugar;coffee;shopping bags}"
"213","{sausage;other vegetables;yogurt;soda;shopping bags}"
"214","{whole milk;beverages;UHT-milk;soda}"
"215","{sausage;pork;beef;whole milk;rolls/buns;margarine}"
"216","{beverages}"
"217","{beverages;specialty bar}"
"218","{bottled water;fruit/vegetable juice}"
"219","{newspapers}"
"220","{cleaner;female sanitary products}"
"221","{sausage;soda;newspapers;shopping bags}"
"222","{newspapers}"
"223","{sausage;beef;citrus fruit;other vegetables;whole milk;butter milk;whipped/sour cream;beverages;hard cheese;rolls/buns;dish cleaner;cookware}"
"224","{misc. beverages;newspapers}"
"225","{white wine}"
"226","{sausage;sliced cheese;rolls/buns;soda;canned beer;shopping bags}"
"227","{meat;curd;bottled beer;cake bar}"
"228","{frankfurter;meat;tropical fruit;onions;oil;baking powder;tea;cling film/bags}"
"229","{ice cream;rolls/buns;canned beer}"
"230","{canned beer}"
"231","{tropical fruit;berries;root vegetables;other vegetables;bottled water;shopping bags}"
"232","{meat;citrus fruit;other vegetables;curd;dessert;butter milk;beverages;cream cheese ;rolls/buns;brown bread;tea;bottled water}"
"233","{whole milk;mustard;bottled water}"
"234","{sausage;beef;beverages;sliced cheese;rolls/buns;spices;house keeping products;flower (seeds)}"
"235","{frankfurter;sausage;root vegetables;butter;curd;sliced cheese;rolls/buns;salty snack;long life bakery product}"
"236","{meat;other vegetables;butter;rolls/buns}"
"237","{root vegetables;beverages;Instant food products;pickled vegetables;detergent}"
"238","{root vegetables;herbs;other vegetables;whole milk;sliced cheese;rolls/buns}"
"239","{whole milk;whipped/sour cream;semi-finished bread;margarine}"
"240","{citrus fruit;whole milk;curd;dessert;yogurt;whipped/sour cream;frozen dessert;rolls/buns;salt;sugar;cereals;canned vegetables;canned fish;skin care;hygiene articles;napkins}"
"241","{citrus fruit;curd;pastry;margarine;sugar;candy;newspapers}"
"242","{other vegetables;whole milk;bottled water;soda;misc. beverages;bottled beer;red/blush wine;napkins}"
"243","{citrus fruit;whole milk;rolls/buns}"
"244","{sausage;oil;hygiene articles;napkins}"
"245","{frankfurter;beef;hamburger meat;grapes;root vegetables;whole milk;butter;frozen dessert;potato products;bottled water;bottled beer}"
"246","{hard cheese;rolls/buns;bottled water;newspapers}"
"247","{cream cheese ;rolls/buns;soda;chocolate}"
"248","{turkey;beef;frozen vegetables;dishes;photo/film}"
"249","{pork;other vegetables;whipped/sour cream;rolls/buns;soda;shopping bags}"
"250","{whole milk;beverages}"
"251","{rolls/buns;soda}"
"252","{sausage;pip fruit;whole milk;curd;yogurt;sliced cheese;rolls/buns;bottled water;hygiene articles}"
"253","{ice cream}"
"254","{liquor}"
"255","{pip fruit;other vegetables;fruit/vegetable juice}"
"256","{root vegetables;other vegetables;yogurt}"
"257","{soda}"
"258","{soda}"
"259","{sausage;citrus fruit;tropical fruit;other vegetables;whole milk;yogurt;rolls/buns;bottled water;soda;chocolate;newspapers}"
"260","{root vegetables;whole milk;pet care;detergent}"
"261","{pork;berries;root vegetables;other vegetables;pastry;specialty bar}"
"262","{pork}"
"263","{chocolate}"
"264","{fruit/vegetable juice}"
"265","{pickled vegetables;coffee}"
"266","{bottled water}"
"267","{frankfurter;sausage;butter;whipped/sour cream;rolls/buns;margarine;spices}"
"268","{tropical fruit;pip fruit;onions;other vegetables;whole milk;domestic eggs;sugar;soups;tea;soda;hygiene articles;napkins}"
"269","{canned beer}"
"270","{root vegetables}"
"271","{meat;citrus fruit;berries;root vegetables;whole milk;soda}"
"272","{frankfurter;rolls/buns;bottled water;fruit/vegetable juice;hygiene articles}"
"273","{tropical fruit;margarine;rum}"
"274","{tropical fruit;root vegetables;herbs;whole milk;butter milk;whipped/sour cream;flour;hygiene articles}"
"275","{citrus fruit;pip fruit;root vegetables;other vegetables;whole milk;cream cheese ;domestic eggs;brown bread;margarine;baking powder;waffles}"
"276","{hamburger meat;other vegetables;whole milk;curd;yogurt;rolls/buns;pastry;semi-finished bread;margarine;bottled water;fruit/vegetable juice}"
"277","{chicken;pip fruit;other vegetables;whole milk;dessert;yogurt;whipped/sour cream;rolls/buns;pasta;soda;waffles}"
"278","{chicken;citrus fruit;tropical fruit;root vegetables;whole milk;frozen fish;rolls/buns}"
"279","{frankfurter;citrus fruit;onions;other vegetables;whole milk;rolls/buns;sugar;soda}"
"280","{canned beer}"
"281","{turkey;pip fruit;salad dressing;pastry}"
"282","{packaged fruit/vegetables;whole milk;curd;yogurt;domestic eggs;brown bread;mustard;pickled vegetables;bottled water;misc. beverages}"
"283","{pasta}"
"284","{citrus fruit;tropical fruit}"
"285","{sausage;whole milk;yogurt;rolls/buns;brown bread;pot plants}"
"286","{whole milk;frozen meals;pastry;fruit/vegetable juice;waffles}"
"287","{canned beer}"
"288","{citrus fruit;sugar;sauces}"
"289","{liquor (appetizer)}"
"290","{citrus fruit;other vegetables;rolls/buns;salty snack;shopping bags}"
"291","{sausage}"
"292","{chicken;other vegetables;whole milk;vinegar;oil;bottled water;canned beer;napkins;newspapers}"
"293","{hamburger meat;root vegetables;other vegetables;whole milk;yogurt;whipped/sour cream;specialty cheese;flour;margarine}"
"294","{sausage;pork;other vegetables;dessert;yogurt;oil;soda}"
"295","{beef;berries;root vegetables;whole milk;whipped/sour cream;abrasive cleaner}"
"296","{citrus fruit;packaged fruit/vegetables;yogurt;bottled water}"
"297","{UHT-milk;coffee}"
"298","{candy}"
"299","{newspapers}"
"300","{beef;citrus fruit;other vegetables;yogurt}"
"301","{sausage;rolls/buns}"
"302","{frankfurter;beef;root vegetables;curd;dessert;yogurt;soft cheese;rolls/buns;mustard;pickled vegetables;canned beer;hygiene articles;napkins}"
"303","{canned beer}"
"304","{bottled beer}"
"305","{onions;soda;chewing gum;chocolate;newspapers}"
"306","{tropical fruit;packaged fruit/vegetables;cream cheese ;white bread;candy}"
"307","{bottled water;white wine}"
"308","{beef;white bread;pastry;pasta;soap}"
"309","{sausage;chicken;tropical fruit;root vegetables;whole milk;yogurt;candy;abrasive cleaner;cleaner}"
"310","{hair spray}"
"311","{chicken;whole milk;spices;long life bakery product;shopping bags}"
"312","{pork;citrus fruit;brown bread;pastry;sugar;cat food}"
"313","{ice cream}"
"314","{meat;hard cheese;bottled beer}"
"315","{other vegetables;yogurt;brown bread;instant coffee}"
"316","{bottled water;cake bar}"
"317","{tropical fruit;soda;salty snack}"
"318","{photo/film}"
"319","{sausage;citrus fruit;yogurt;coffee;soda;canned beer;dishes}"
"320","{grapes;root vegetables}"
"321","{domestic eggs;brown bread;photo/film}"
"322","{rolls/buns;canned fish;canned beer}"
"323","{tropical fruit;whole milk}"
"324","{chicken}"
"325","{frankfurter;other vegetables;yogurt;brown bread;bottled water}"
"326","{berries;root vegetables;other vegetables;curd;butter milk;cream cheese ;roll products ;margarine;misc. beverages;specialty chocolate;detergent}"
"327","{margarine;hygiene articles}"
"328","{tropical fruit;yogurt;rolls/buns;soda;shopping bags}"
"329","{ham;other vegetables;whipped/sour cream;hard cheese;rolls/buns;soda;misc. beverages;chocolate;candy}"
"330","{hamburger meat;white bread;salty snack}"
"331","{yogurt;mayonnaise;rolls/buns;soda;napkins}"
"332","{soda;specialty chocolate}"
"333","{yogurt}"
"334","{soda}"
"335","{bottled water}"
"336","{sausage;meat;hamburger meat;rubbing alcohol}"
"337","{citrus fruit;pip fruit;beverages;hard cheese;pet care;soda;fruit/vegetable juice;waffles}"
"338","{shopping bags}"
"339","{newspapers}"
"340","{frankfurter;other vegetables;whole milk;curd;frozen potato products;zwieback;specialty bar;dish cleaner}"
"341","{sausage;citrus fruit;whole milk;canned beer}"
"342","{frankfurter;rolls/buns}"
"343","{salt;salty snack;cookware}"
"344","{oil}"
"345","{curd;beverages;cream cheese ;rolls/buns;pastry;soda;cake bar;chewing gum}"
"346","{other vegetables;butter;specialty chocolate}"
"347","{citrus fruit}"
"348","{frankfurter;whole milk;butter milk}"
"349","{root vegetables;whole milk;butter;processed cheese;mayonnaise;salty snack}"
"350","{tropical fruit;whole milk;frozen meals;bottled beer}"
"351","{beef;hamburger meat;pip fruit}"
"352","{berries;whipped/sour cream;cereals;waffles;shopping bags}"
"353","{canned beer}"
"354","{whipped/sour cream;canned beer;red/blush wine}"
"355","{root vegetables;domestic eggs;margarine;chocolate marshmallow;candy}"
"356","{whole milk;soda}"
"357","{beef}"
"358","{frozen vegetables}"
"359","{rolls/buns;bottled beer}"
"360","{whole milk;hygiene articles}"
"361","{whole milk}"
"362","{citrus fruit;whole milk;curd;soft cheese}"
"363","{pastry;fruit/vegetable juice}"
"364","{frankfurter;sausage;pork;pip fruit;butter;processed cheese;white bread;brown bread}"
"365","{tropical fruit;root vegetables;whole milk;whipped/sour cream;domestic eggs}"
"366","{frankfurter;sausage;root vegetables;yogurt;whipped/sour cream;pastry;napkins}"
"367","{berries;root vegetables;other vegetables;packaged fruit/vegetables;whole milk;curd;curd cheese;cat food;specialty bar;detergent}"
"368","{rolls/buns;brown bread;pastry;coffee;bottled beer}"
"369","{root vegetables;packaged fruit/vegetables;curd;dessert;frozen vegetables;specialty fat;coffee}"
"370","{yogurt}"
"371","{other vegetables;bottled water}"
"372","{berries;white bread}"
"373","{berries;coffee}"
"374","{other vegetables;butter milk;frozen meals;bottled water}"
"375","{rolls/buns;newspapers}"
"376","{ham;citrus fruit;whole milk;whipped/sour cream;rolls/buns;pastry;waffles;hygiene articles}"
"377","{whole milk;frozen dessert;salty snack;napkins}"
"378","{tropical fruit;butter milk;rolls/buns;bottled water}"
"379","{bottled water}"
"380","{butter milk;yogurt}"
"381","{newspapers}"
"382","{coffee}"
"383","{bottled beer;liquor}"
"384","{onions;butter;whipped/sour cream;hard cheese;frozen vegetables;pasta;specialty fat;syrup;candy;napkins;cling film/bags}"
"385","{hamburger meat;hard cheese;frozen meals;pasta;dog food;salty snack;shopping bags}"
"386","{sausage;liver loaf;other vegetables;cream cheese ;pastry;soap;shopping bags}"
"387","{hard cheese;pastry;napkins}"
"388","{sausage;tropical fruit;condensed milk;rolls/buns}"
"389","{hamburger meat}"
"390","{onions;whole milk;beverages;frozen dessert}"
"391","{coffee}"
"392","{shopping bags}"
"393","{yogurt;rolls/buns;pastry;bottled water;soda;shopping bags}"
"394","{soda}"
"395","{sliced cheese}"
"396","{sausage;whole milk;coffee}"
"397","{yogurt;chocolate}"
"398","{domestic eggs;rolls/buns;dish cleaner;hygiene articles}"
"399","{whole milk}"
"400","{meat;other vegetables;whole milk;whipped/sour cream}"
"401","{dish cleaner;bathroom cleaner;hygiene articles;napkins}"
"402","{other vegetables;red/blush wine}"
"403","{whole milk;butter milk;yogurt;sliced cheese;rolls/buns;sweet spreads;coffee;fruit/vegetable juice;long life bakery product;shopping bags}"
"404","{other vegetables;whole milk;rolls/buns;Instant food products}"
"405","{tropical fruit;other vegetables}"
"406","{baking powder;bottled water;salty snack;chewing gum}"
"407","{specialty bar}"
"408","{ice cream}"
"409","{frankfurter;yogurt}"
"410","{canned beer}"
"411","{bottled water}"
"412","{other vegetables;whole milk;rolls/buns;margarine;bottled water;bottled beer}"
"413","{citrus fruit;tropical fruit;onions;other vegetables;shopping bags}"
"414","{sausage;ham;hamburger meat;whole milk;soda;softener;newspapers}"
"415","{domestic eggs;rolls/buns;specialty bar;napkins}"
"416","{pork;citrus fruit;tropical fruit;root vegetables;other vegetables;curd;hygiene articles}"
"417","{specialty cheese;frozen vegetables;coffee;soda;fruit/vegetable juice;salty snack}"
"418","{pork;citrus fruit;pip fruit;yogurt;fruit/vegetable juice;sparkling wine}"
"419","{beef;berries;whipped/sour cream;domestic eggs;rolls/buns}"
"420","{other vegetables;pet care}"
"421","{chicken;yogurt;sliced cheese;rolls/buns;chewing gum;dishes}"
"422","{soda;chewing gum}"
"423","{whole milk}"
"424","{rolls/buns}"
"425","{bottled beer}"
"426","{root vegetables;pastry;bottled water;male cosmetics}"
"427","{pastry}"
"428","{berries;pet care;cake bar;shopping bags}"
"429","{citrus fruit;tropical fruit;root vegetables;yogurt;canned vegetables;bottled water;soda;softener}"
"430","{whole milk;oil;canned fruit;fruit/vegetable juice}"
"431","{soda;misc. beverages}"
"432","{bottled water;soda}"
"433","{tropical fruit;other vegetables;rolls/buns}"
"434","{salty snack}"
"435","{bottled water;canned beer}"
"436","{chocolate}"
"437","{citrus fruit;UHT-milk;cream cheese ;frozen vegetables}"
"438","{bottled water;canned beer;male cosmetics}"
"439","{onions;other vegetables;pastry;bottled water;soda;napkins}"
"440","{dessert;oil;cat food;soda}"
"441","{beef;other vegetables;whole milk;frozen potato products;rolls/buns;oil;margarine;coffee;dental care;hygiene articles;newspapers}"
"442","{rolls/buns;zwieback;bottled water;misc. beverages;bottled beer;canned beer;brandy}"
"443","{beef;tropical fruit;root vegetables;onions;other vegetables;instant coffee;soda}"
"444","{soda}"
"445","{coffee;hygiene articles}"
"446","{rolls/buns;brown bread;bottled water}"
"447","{pork;beef;hamburger meat;other vegetables;whole milk;frozen vegetables;rolls/buns;margarine;shopping bags}"
"448","{soda;canned beer;liquor (appetizer);hygiene articles;napkins;newspapers}"
"449","{sausage;ham;other vegetables;ice cream;white bread}"
"450","{beef;root vegetables;other vegetables;rolls/buns;sugar}"
"451","{whole milk;butter;bottled water;bottled beer}"
"452","{pork;ice cream;hygiene articles;house keeping products}"
"453","{berries;packaged fruit/vegetables;whole milk;ice cream;fruit/vegetable juice;salty snack;specialty bar}"
"454","{sausage;other vegetables;curd;yogurt;whipped/sour cream;frozen vegetables;rolls/buns;roll products }"
"455","{bottled water;misc. beverages;cling film/bags}"
"456","{tropical fruit;other vegetables;packaged fruit/vegetables;whole milk;hard cheese;frozen dessert;rice;bottled water}"
"457","{herbs;bottled water}"
"458","{yogurt;rolls/buns}"
"459","{Instant food products}"
"460","{specialty chocolate}"
"461","{coffee}"
"462","{bottled beer;liquor}"
"463","{beef;root vegetables}"
"464","{whole milk;honey;waffles}"
"465","{frankfurter;rolls/buns;pastry;snack products;specialty bar}"
"466","{frankfurter;sausage;liver loaf;root vegetables;curd;frozen vegetables;rolls/buns;semi-finished bread;hygiene articles;photo/film}"
"467","{other vegetables;whole milk;cream cheese }"
"468","{frankfurter;root vegetables;pickled vegetables;soda;seasonal products}"
"469","{whole milk;rolls/buns;newspapers}"
"470","{frankfurter;margarine;dental care}"
"471","{other vegetables;salty snack}"
"472","{bottled water;shopping bags}"
"473","{pork;onions;whole milk;butter;rolls/buns;pastry;rum;hygiene articles}"
"474","{bottled water}"
"475","{other vegetables;whipped/sour cream;specialty cheese;domestic eggs}"
"476","{hamburger meat;whole milk;curd;pasta;canned beer}"
"477","{hamburger meat;citrus fruit;other vegetables}"
"478","{shopping bags}"
"479","{whole milk;cream cheese ;soda;fruit/vegetable juice}"
"480","{ice cream}"
"481","{pastry;bottled water}"
"482","{ham;pip fruit;whole milk;curd;dessert;butter milk;whipped/sour cream;sliced cheese;cream cheese ;white bread;coffee;long life bakery product;chocolate;baby cosmetics}"
"483","{frankfurter;soda}"
"484","{sausage;turkey;beef;root vegetables;domestic eggs;rolls/buns;flour;rice;organic products;misc. beverages;napkins}"
"485","{bottled beer}"
"486","{bottled water;bottled beer;napkins}"
"487","{meat;other vegetables;hard cheese;frozen meals;bottled water;soda}"
"488","{dessert;candy}"
"489","{other vegetables;packaged fruit/vegetables;UHT-milk;bottled water}"
"490","{beverages;rolls/buns;soda}"
"491","{ham;mustard;canned fish}"
"492","{specialty bar}"
"493","{brown bread;soda;salty snack;shopping bags}"
"494","{whole milk;cream cheese ;coffee}"
"495","{rolls/buns;pastry;red/blush wine}"
"496","{bottled beer;nut snack}"
"497","{pet care;bottled beer}"
"498","{citrus fruit;other vegetables;soda}"
"499","{pork;other vegetables;frozen vegetables;hygiene articles}"
"500","{other vegetables;shopping bags}"
"501","{white wine;detergent}"
"502","{whole milk;dessert;bottled water}"
"503","{pip fruit;white wine;shopping bags}"
"504","{sugar;soda;bottled beer}"
"505","{tropical fruit;pip fruit;rolls/buns;coffee;fruit/vegetable juice;candy}"
"506","{root vegetables;cream cheese ;spread cheese;frozen dessert;white bread;bottled water;soda;misc. beverages;fruit/vegetable juice;bottled beer}"
"507","{soda;misc. beverages}"
"508","{whole milk;curd}"
"509","{tropical fruit;other vegetables;yogurt;bottled water;male cosmetics}"
"510","{white bread;brown bread}"
"511","{brown bread;sugar;hygiene articles}"
"512","{tropical fruit;root vegetables;coffee;bottled water;red/blush wine;candy;house keeping products;shopping bags}"
"513","{domestic eggs}"
"514","{coffee;detergent;hygiene articles;photo/film}"
"515","{soda}"
"516","{whole milk}"
"517","{bottled beer}"
"518","{pork;beef;berries;packaged fruit/vegetables;whole milk;mayonnaise;frozen fish;frozen potato products;oil;mustard;cat food;coffee;soda;chocolate;dish cleaner;napkins;newspapers}"
"519","{other vegetables;yogurt}"
"520","{yogurt;bottled water;dishes}"
"521","{sparkling wine}"
"522","{bottled water;candy}"
"523","{citrus fruit;berries;other vegetables;butter milk;sugar;fruit/vegetable juice;hygiene articles}"
"524","{hamburger meat;root vegetables;other vegetables;whole milk;rolls/buns}"
"525","{packaged fruit/vegetables;seasonal products}"
"526","{other vegetables;margarine}"
"527","{soda}"
"528","{whole milk;yogurt;frozen potato products;margarine;bottled water;fruit/vegetable juice;salty snack}"
"529","{herbs;yogurt}"
"530","{citrus fruit;spread cheese;rolls/buns;soda}"
"531","{misc. beverages}"
"532","{female sanitary products}"
"533","{soda}"
"534","{tropical fruit;whole milk;beverages;white bread;pasta;shopping bags}"
"535","{soda;female sanitary products}"
"536","{white bread;bottled water;soda;waffles}"
"537","{coffee;chewing gum;chocolate marshmallow}"
"538","{tropical fruit;root vegetables;whole milk;frozen vegetables;honey;baking powder;coffee;red/blush wine;chocolate marshmallow}"
"539","{pork;pip fruit;whole milk;butter milk}"
"540","{citrus fruit;bottled water}"
"541","{frankfurter}"
"542","{frankfurter;rolls/buns}"
"543","{frankfurter;tropical fruit;pip fruit;curd;UHT-milk;hard cheese;domestic eggs;rolls/buns;hygiene articles;napkins;shopping bags}"
"544","{other vegetables}"
"545","{yogurt;fruit/vegetable juice;newspapers}"
"546","{sausage;whole milk;yogurt;brown bread;cereals;bottled water;soda}"
"547","{whole milk}"
"548","{pip fruit;whole milk;curd;pastry;bottled water}"
"549","{whole milk}"
"550","{root vegetables;other vegetables}"
"551","{onions;fruit/vegetable juice}"
"552","{specialty chocolate}"
"553","{hamburger meat;domestic eggs}"
"554","{photo/film}"
"555","{rolls/buns;soda;snack products;newspapers}"
"556","{canned beer}"
"557","{canned beer}"
"558","{other vegetables;curd;frozen meals;frozen potato products;soda;bottled beer;kitchen towels;candles}"
"559","{canned beer}"
"560","{curd;whipped/sour cream;rolls/buns;zwieback;spices}"
"561","{butter;fruit/vegetable juice;newspapers}"
"562","{other vegetables;whole milk;yogurt;domestic eggs;bottled water;soda}"
"563","{whole milk}"
"564","{beef;tropical fruit;herbs;whole milk;curd;yogurt;whipped/sour cream;sliced cheese}"
"565","{sausage;rolls/buns}"
"566","{soda}"
"567","{fruit/vegetable juice;long life bakery product}"
"568","{rolls/buns;coffee;long life bakery product;detergent;shopping bags}"
"569","{pip fruit;whole milk;bottled water;candy}"
"570","{frozen vegetables;bottled beer;liquor (appetizer);chewing gum;napkins;newspapers}"
"571","{beverages}"
"572","{hamburger meat;root vegetables;other vegetables;domestic eggs;roll products ;oil;margarine;hygiene articles}"
"573","{root vegetables;other vegetables;whole milk;yogurt;fruit/vegetable juice;white wine}"
"574","{canned beer}"
"575","{frozen vegetables;bottled beer}"
"576","{canned beer}"
"577","{newspapers}"
"578","{rolls/buns}"
"579","{hamburger meat;UHT-milk;salty snack}"
"580","{pip fruit;whole milk;curd;rum}"
"581","{canned beer}"
"582","{grapes;root vegetables;frozen vegetables;domestic eggs;white wine}"
"583","{root vegetables;packaged fruit/vegetables;butter;whipped/sour cream;rolls/buns}"
"584","{citrus fruit;frozen vegetables;rolls/buns;canned beer;salty snack}"
"585","{cling film/bags;pot plants}"
"586","{frankfurter;whole milk;rolls/buns;margarine;baking powder;bottled beer}"
"587","{whole milk;red/blush wine}"
"588","{pork;tropical fruit;whole milk;curd;yogurt;hard cheese;frozen meals;frozen dessert;domestic eggs;cereals;baking powder;fruit/vegetable juice;soap}"
"589","{chicken;pastry}"
"590","{sausage;dish cleaner;dishes}"
"591","{specialty bar}"
"592","{whipped/sour cream;pastry;specialty bar}"
"593","{root vegetables;brown bread}"
"594","{rolls/buns;soda}"
"595","{other vegetables;bottled beer;red/blush wine}"
"596","{citrus fruit;tropical fruit;berries;root vegetables;other vegetables;whole milk;butter;bottled water;rubbing alcohol;hygiene articles;napkins}"
"597","{whole milk;processed cheese;brown bread;pastry;soda}"
"598","{frankfurter;sausage;tropical fruit;root vegetables;whole milk;yogurt;rolls/buns;pastry;candy}"
"599","{coffee;long life bakery product}"
"600","{ham;rolls/buns;white wine}"
"601","{canned beer}"
"602","{canned beer}"
"603","{canned beer}"
"604","{pip fruit;whole milk;canned fish}"
"605","{pork;pip fruit;other vegetables;whole milk;curd;white bread;sugar;bottled water;soda}"
"606","{soap}"
"607","{pip fruit;butter;frozen meals;pasta;bottled water}"
"608","{beef;hamburger meat;citrus fruit;whole milk;mustard;soap}"
"609","{sausage;meat;other vegetables;whole milk;yogurt;rolls/buns;soda;bottled beer;chocolate;newspapers}"
"610","{frozen chicken}"
"611","{soda}"
"612","{tropical fruit;curd;yogurt;rolls/buns;brown bread;bottled water;bottled beer;seasonal products}"
"613","{other vegetables}"
"614","{beef;citrus fruit;curd;rolls/buns;oil;margarine;specialty bar;detergent;newspapers}"
"615","{meat;pork;beef;citrus fruit;root vegetables;other vegetables;whole milk;pickled vegetables}"
"616","{meat;hamburger meat;root vegetables;packaged fruit/vegetables;whole milk;butter;newspapers}"
"617","{bottled water;soda;red/blush wine;long life bakery product;newspapers}"
"618","{rolls/buns}"
"619","{pastry;canned beer}"
"620","{pork;whole milk;pastry;sauces}"
"621","{pip fruit;sliced cheese;pastry;white wine;light bulbs;newspapers}"
"622","{beef;citrus fruit;tropical fruit;yogurt;UHT-milk;frozen vegetables;rolls/buns;bottled water;skin care}"
"623","{beef;citrus fruit;berries;brown bread;sugar;coffee;kitchen towels}"
"624","{rolls/buns;spices}"
"625","{citrus fruit;tropical fruit;herbs;whole milk;butter;curd;whipped/sour cream;frozen vegetables;canned vegetables;misc. beverages}"
"626","{meat;beef;herbs;whole milk;frozen dessert;rolls/buns;semi-finished bread;flour;oil;coffee;pot plants}"
"627","{beverages;pastry;bottled water}"
"628","{beef;citrus fruit;other vegetables;rolls/buns}"
"629","{ham;whole milk;white bread;margarine;hair spray}"
"630","{hamburger meat;whole milk;oil;ketchup;soups;Instant food products;canned fish;coffee;bottled beer;hygiene articles;newspapers}"
"631","{beef;citrus fruit;other vegetables;butter milk;sliced cheese;processed cheese;rolls/buns;margarine;bottled water;fruit/vegetable juice}"
"632","{beef;citrus fruit;whole milk;domestic eggs;rolls/buns;pastry;roll products ;tea;fruit/vegetable juice}"
"633","{root vegetables;whole milk;detergent}"
"634","{citrus fruit;tropical fruit;grapes;other vegetables;frozen vegetables;pickled vegetables;fruit/vegetable juice;liquor;rum;liquor (appetizer);candy;cling film/bags}"
"635","{yogurt;bottled water}"
"636","{tropical fruit;root vegetables;other vegetables;whipped/sour cream;brown bread;canned fish;long life bakery product}"
"637","{frankfurter;root vegetables;newspapers}"
"638","{beef;other vegetables;whole milk;brown bread;pastry;salty snack;abrasive cleaner;shopping bags}"
"639","{shopping bags}"
"640","{canned beer}"
"641","{rolls/buns;canned beer}"
"642","{other vegetables;rolls/buns;meat spreads;bottled water;soda;misc. beverages;waffles;chocolate;candy}"
"643","{hamburger meat;other vegetables;yogurt;rolls/buns;bottled water}"
"644","{hamburger meat;citrus fruit;root vegetables;rolls/buns;Instant food products;canned fish;bottled water;soda;fruit/vegetable juice;napkins}"
"645","{frankfurter;sausage;domestic eggs;soda;chewing gum;shopping bags}"
"646","{bottled beer}"
"647","{tropical fruit;domestic eggs;rolls/buns;pastry}"
"648","{soda}"
"649","{frankfurter;root vegetables;onions;other vegetables;white bread;canned beer}"
"650","{chicken;hamburger meat;herbs;whipped/sour cream;soups;soda;canned beer;dish cleaner;napkins;cling film/bags}"
"651","{coffee;soda}"
"652","{whole milk}"
"653","{margarine}"
"654","{tropical fruit;other vegetables}"
"655","{meat;other vegetables}"
"656","{cream cheese ;bottled water;canned beer}"
"657","{newspapers}"
"658","{rolls/buns;pastry;newspapers}"
"659","{citrus fruit;other vegetables;whole milk;curd;yogurt;potato products;fruit/vegetable juice;long life bakery product}"
"660","{whole milk;rolls/buns;detergent}"
"661","{frankfurter;citrus fruit;butter milk;UHT-milk;rolls/buns;female sanitary products;shopping bags}"
"662","{ham;other vegetables;butter;whipped/sour cream;sugar;soda}"
"663","{frankfurter;citrus fruit;bottled beer;salty snack}"
"664","{sausage;onions;curd;yogurt;domestic eggs;coffee}"
"665","{domestic eggs}"
"666","{whole milk;domestic eggs;rolls/buns;soda}"
"667","{rolls/buns;bottled beer;newspapers}"
"668","{whole milk;hard cheese;chocolate marshmallow}"
"669","{sausage;root vegetables;other vegetables;rolls/buns;soda}"
"670","{curd;butter milk;yogurt;beverages}"
"671","{bottled water}"
"672","{beef}"
"673","{frankfurter;hamburger meat;whole milk;rolls/buns;potato products;mustard;coffee;waffles;chocolate marshmallow;soap;newspapers}"
"674","{chicken;butter;newspapers}"
"675","{sausage;meat;tropical fruit;pip fruit;pastry;sugar;coffee;candles;pot plants}"
"676","{pork;whole milk;whipped/sour cream;beverages}"
"677","{yogurt;pastry;coffee}"
"678","{whole milk;sliced cheese;margarine;cat food;detergent;dishes;shopping bags}"
"679","{frankfurter;ham;whole milk;yogurt;rolls/buns;pastry;vinegar;sugar;soda;fruit/vegetable juice;napkins}"
"680","{beef;whole milk;brown bread;specialty chocolate;newspapers}"
"681","{pip fruit;other vegetables;butter milk;cream cheese ;rolls/buns}"
"682","{sausage;whole milk;rolls/buns;coffee;chocolate}"
"683","{pastry;coffee}"
"684","{chicken;beef;specialty chocolate}"
"685","{root vegetables;other vegetables;whole milk;sliced cheese;frozen vegetables;frozen fish;frozen dessert;chocolate}"
"686","{whole milk;frozen meals;rolls/buns}"
"687","{detergent}"
"688","{rolls/buns;canned fish}"
"689","{house keeping products}"
"690","{yogurt;salt;jam;sparkling wine;cleaner}"
"691","{tropical fruit;curd;sliced cheese;rolls/buns;soda}"
"692","{tropical fruit}"
"693","{curd;UHT-milk;artif. sweetener;dental care}"
"694","{beef;berries;onions;rolls/buns}"
"695","{whole milk;brown bread;pasta;margarine;bottled water;napkins;newspapers}"
"696","{pork;UHT-milk;bottled water;soda;canned beer}"
"697","{other vegetables;curd;yogurt;curd cheese;margarine;cleaner;hygiene articles}"
"698","{rolls/buns;soda;fruit/vegetable juice;canned beer;white wine;long life bakery product;shopping bags}"
"699","{frankfurter;pip fruit;whole milk;rolls/buns;roll products }"
"700","{yogurt;hygiene articles;newspapers;shopping bags}"
"701","{whole milk;curd;sliced cheese;cat food;coffee}"
"702","{bottled water;candy}"
"703","{frankfurter;beef;butter}"
"704","{rolls/buns;soda;snack products;shopping bags}"
"705","{whole milk;pastry;bottled water;hygiene articles}"
"706","{rolls/buns}"
"707","{chicken;onions;other vegetables;whole milk;brown bread;white wine;red/blush wine}"
"708","{tropical fruit;onions;whole milk;butter;dishes}"
"709","{sausage;turkey;other vegetables;yogurt;brown bread;oil;hygiene articles;shopping bags}"
"710","{sausage;other vegetables;whole milk;curd;hard cheese;soda;candy;newspapers}"
"711","{frankfurter;citrus fruit;pastry;margarine;ready soups;instant coffee;shopping bags}"
"712","{UHT-milk;frozen dessert;fruit/vegetable juice;decalcifier;newspapers}"
"713","{rolls/buns;newspapers}"
"714","{canned beer}"
"715","{yogurt;specialty bar}"
"716","{whipped/sour cream;specialty bar}"
"717","{rolls/buns;canned beer}"
"718","{rolls/buns}"
"719","{beverages;rolls/buns}"
"720","{rolls/buns}"
"721","{rolls/buns;shopping bags}"
"722","{bottled beer}"
"723","{citrus fruit;curd;yogurt;sliced cheese;rolls/buns;oil;bottled water}"
"724","{bottled water;soda}"
"725","{pastry}"
"726","{domestic eggs;rolls/buns;pastry;coffee;candles}"
"727","{beef;pip fruit;root vegetables;rolls/buns;margarine}"
"728","{spread cheese;rolls/buns;bottled water;newspapers}"
"729","{tropical fruit;spread cheese;rolls/buns;soda}"
"730","{packaged fruit/vegetables;canned beer;candles}"
"731","{whole milk;yogurt;bottled beer;white wine;salty snack;napkins}"
"732","{meat;beef;other vegetables;whole milk;butter;domestic eggs;rolls/buns}"
"733","{onions;whole milk;bottled beer;liquor (appetizer);detergent;dishes}"
"734","{frankfurter;grapes;other vegetables;butter milk;UHT-milk;brown bread;margarine;organic products;bottled water;soda}"
"735","{beef;rolls/buns;bottled beer}"
"736","{beef}"
"737","{sausage;bottled beer;liquor (appetizer)}"
"738","{chicken;onions;herbs;hygiene articles}"
"739","{canned beer}"
"740","{sausage;root vegetables;other vegetables;whole milk;bottled beer;seasonal products}"
"741","{tropical fruit;whole milk;curd;yogurt;whipped/sour cream}"
"742","{frankfurter;rolls/buns;soda;abrasive cleaner;newspapers;flower (seeds)}"
"743","{sausage;tropical fruit;semi-finished bread}"
"744","{beef;tropical fruit;root vegetables;yogurt}"
"745","{tropical fruit;pastry;flour;rum}"
"746","{yogurt}"
"747","{frankfurter;rolls/buns;mustard}"
"748","{bottled beer}"
"749","{grapes;soda}"
"750","{beverages;rolls/buns}"
"751","{curd;bottled beer;pot plants}"
"752","{ice cream;sugar;flower (seeds)}"
"753","{sausage;rolls/buns;soda;canned beer;shopping bags}"
"754","{other vegetables}"
"755","{dessert;beverages;bottled water}"
"756","{decalcifier}"
"757","{canned beer}"
"758","{coffee}"
"759","{berries;other vegetables;whole milk;whipped/sour cream}"
"760","{pork;tropical fruit;rolls/buns;semi-finished bread;bottled beer;newspapers}"
"761","{frankfurter;chicken;pork;citrus fruit;other vegetables;whole milk;butter milk;whipped/sour cream;cream cheese ;frozen dessert;domestic eggs;rolls/buns;sugar;baking powder}"
"762","{pork;beef;whole milk;domestic eggs;bottled water;bottled beer;hygiene articles}"
"763","{frankfurter;pork;citrus fruit;root vegetables;onions;other vegetables;packaged fruit/vegetables;cat food;bottled water}"
"764","{frozen dessert;brandy}"
"765","{chicken;other vegetables;packaged fruit/vegetables;condensed milk;frozen vegetables;fruit/vegetable juice}"
"766","{vinegar;oil}"
"767","{rolls/buns;soda;specialty bar}"
"768","{whole milk}"
"769","{pork;root vegetables;whole milk;whipped/sour cream}"
"770","{rolls/buns;newspapers}"
"771","{grapes;other vegetables;zwieback;Instant food products;dishes}"
"772","{frankfurter;citrus fruit;whipped/sour cream;cream cheese ;rolls/buns;baking powder;seasonal products;napkins}"
"773","{finished products;root vegetables;packaged fruit/vegetables;yogurt;specialty cheese;frozen vegetables;ice cream;soda;bottled beer}"
"774","{onions;other vegetables;flour}"
"775","{tropical fruit;whole milk;rolls/buns}"
"776","{other vegetables;cream cheese ;tea;chocolate;chocolate marshmallow}"
"777","{ham;turkey;beef;other vegetables;whole milk;pot plants}"
"778","{other vegetables;whole milk;margarine;bottled beer}"
"779","{curd}"
"780","{sausage;beef;other vegetables}"
"781","{canned beer;liquor (appetizer);chewing gum}"
"782","{ham;chicken;citrus fruit;berries;onions;whole milk;curd;yogurt;frozen vegetables;rolls/buns;margarine;soda;liquor (appetizer);cake bar;candy;seasonal products;skin care}"
"783","{packaged fruit/vegetables;whole milk;dessert;yogurt;UHT-milk;margarine;bottled water;long life bakery product}"
"784","{meat;rolls/buns;soda;specialty bar}"
"785","{whole milk;dessert}"
"786","{canned beer}"
"787","{chicken;UHT-milk;rolls/buns;coffee;long life bakery product;house keeping products}"
"788","{rolls/buns;red/blush wine;newspapers}"
"789","{pet care;bottled water}"
"790","{root vegetables;other vegetables;soda;shopping bags}"
"791","{pastry}"
"792","{frankfurter;hamburger meat;whole milk;domestic eggs;rolls/buns;brown bread;margarine;bottled water;flower (seeds)}"
"793","{chicken;grapes;whole milk;whipped/sour cream;mayonnaise}"
"794","{frozen dessert;semi-finished bread}"
"795","{citrus fruit;tropical fruit;grapes;yogurt;rolls/buns;margarine;canned fruit;bottled water;soda;misc. beverages;candy;female sanitary products;shopping bags}"
"796","{sausage;pork;beef;berries;root vegetables;whole milk;butter;rolls/buns;cat food;bottled water;newspapers}"
"797","{root vegetables;onions;other vegetables;packaged fruit/vegetables;whole milk;whipped/sour cream;frozen vegetables;rolls/buns;pasta;soups;baking powder;soda;detergent}"
"798","{root vegetables;whole milk;yogurt;rolls/buns}"
"799","{bottled beer}"
"800","{frankfurter;canned beer}"
"801","{root vegetables;whole milk;butter;coffee}"
"802","{berries;other vegetables;whipped/sour cream;UHT-milk;bottled water;soda;hygiene articles;newspapers}"
"803","{hamburger meat}"
"804","{tropical fruit;whole milk;rolls/buns;semi-finished bread;margarine;fruit/vegetable juice;long life bakery product;newspapers}"
"805","{frankfurter;pork;beverages;frozen meals;waffles}"
"806","{frankfurter;sausage;frozen fish;margarine;specialty bar}"
"807","{soda;newspapers}"
"808","{ice cream}"
"809","{beef;whole milk;frozen vegetables;brown bread;pastry;coffee}"
"810","{whole milk;pastry;bottled water;newspapers;photo/film}"
"811","{pork;fish;whole milk;butter;curd;yogurt;whipped/sour cream;flour;sugar}"
"812","{whole milk;chewing gum}"
"813","{bottled beer}"
"814","{pork;grapes;UHT-milk;brown bread;margarine}"
"815","{root vegetables;pot plants}"
"816","{canned beer}"
"817","{citrus fruit;root vegetables;whole milk;butter;whipped/sour cream;oil;mustard;bottled water;bottled beer}"
"818","{pip fruit;herbs;other vegetables;whole milk;coffee;female sanitary products;hygiene articles;shopping bags}"
"819","{root vegetables;dessert;yogurt;cream cheese ;rice}"
"820","{tropical fruit;curd;rolls/buns;organic products;newspapers}"
"821","{beef;root vegetables;other vegetables;whole milk;butter;soft cheese;hard cheese;domestic eggs;pasta;coffee;candles}"
"822","{chicken;pork;whole milk;butter;white bread}"
"823","{citrus fruit;grapes;whole milk;rolls/buns;pastry;oil;margarine;candles;newspapers}"
"824","{meat;beef;tropical fruit;pip fruit;other vegetables;whipped/sour cream;soft cheese;frozen meals;margarine;coffee;fruit/vegetable juice;pot plants}"
"825","{cream cheese ;spread cheese;rolls/buns}"
"826","{citrus fruit;herbs;whole milk;bottled water;bottled beer;pot plants}"
"827","{specialty bar}"
"828","{meat;other vegetables;whole milk;beverages;rolls/buns;margarine;chocolate;napkins;newspapers}"
"829","{citrus fruit;tropical fruit;pip fruit}"
"830","{frankfurter;beef;tropical fruit;root vegetables;packaged fruit/vegetables;whole milk;frozen vegetables}"
"831","{citrus fruit;whole milk}"
"832","{turkey;root vegetables;other vegetables;curd;bottled beer;specialty chocolate}"
"833","{citrus fruit;onions;whole milk;curd;yogurt;rolls/buns;pasta;mustard;dog food;canned beer}"
"834","{sausage;domestic eggs}"
"835","{newspapers}"
"836","{whole milk;yogurt}"
"837","{yogurt}"
"838","{yogurt}"
"839","{bottled water}"
"840","{berries;whole milk;whipped/sour cream;domestic eggs}"
"841","{packaged fruit/vegetables;whole milk;rolls/buns;pastry}"
"842","{frankfurter;soda}"
"843","{nuts/prunes;whole milk;semi-finished bread;jam;soda;pot plants;shopping bags}"
"844","{citrus fruit;other vegetables;packaged fruit/vegetables;whole milk;butter;whipped/sour cream;flour;sugar;coffee;soda;sparkling wine;dishes}"
"845","{beef;citrus fruit;root vegetables;onions;curd;hard cheese;rolls/buns;fruit/vegetable juice}"
"846","{whole milk;yogurt;frozen vegetables;coffee;canned beer;napkins}"
"847","{other vegetables;whipped/sour cream}"
"848","{beef;other vegetables}"
"849","{fish;berries;other vegetables;whole milk;dessert;yogurt;spread cheese;coffee;white wine;red/blush wine}"
"850","{other vegetables;whole milk;curd;frozen vegetables;domestic eggs;sugar;instant coffee;newspapers}"
"851","{tropical fruit;berries;root vegetables;whole milk;butter;yogurt;whipped/sour cream;sliced cheese;hard cheese;specialty chocolate;napkins}"
"852","{coffee}"
"853","{sausage;pork;other vegetables;frozen fish;rolls/buns;semi-finished bread;artif. sweetener;ready soups;bottled water;hygiene articles;newspapers}"
"854","{meat;root vegetables;whipped/sour cream;beverages;cream cheese ;waffles;dishes}"
"855","{chicken;tropical fruit;pip fruit;root vegetables;other vegetables;packaged fruit/vegetables;butter;rolls/buns;margarine;sugar;rum;long life bakery product;abrasive cleaner}"
"856","{berries;whole milk;whipped/sour cream;margarine;organic products;fruit/vegetable juice;shopping bags}"
"857","{frozen meals;misc. beverages}"
"858","{whipped/sour cream}"
"859","{beef;root vegetables;bottled beer;chocolate;shopping bags}"
"860","{chicken;pork;other vegetables;whole milk;whipped/sour cream;UHT-milk;domestic eggs;rolls/buns;bottled water;soda;fruit/vegetable juice;bottled beer}"
"861","{chicken;pork;hamburger meat;pip fruit;nuts/prunes;root vegetables;other vegetables;whole milk;spread cheese;frozen potato products;brown bread;Instant food products;soda;fruit/vegetable juice;shopping bags}"
"862","{beef;tropical fruit;root vegetables;herbs;other vegetables;whole milk;yogurt;hard cheese;rolls/buns;brown bread;bottled water;bottled beer;salty snack;shopping bags}"
"863","{packaged fruit/vegetables;pickled vegetables}"
"864","{sugar}"
"865","{frankfurter;sausage;beef;root vegetables;packaged fruit/vegetables;whole milk;dessert;yogurt;sliced cheese;ice cream;rolls/buns;soda}"
"866","{berries;frozen vegetables;pet care;instant coffee}"
"867","{bottled water;soda;chewing gum;napkins}"
"868","{sausage;chicken;citrus fruit;berries;root vegetables;curd;beverages;abrasive cleaner}"
"869","{whole milk;UHT-milk;domestic eggs;soda;fruit/vegetable juice;dishes;newspapers}"
"870","{ice cream;rolls/buns}"
"871","{frankfurter;citrus fruit;tropical fruit;rolls/buns}"
"872","{root vegetables;whole milk;white bread;brown bread;sweet spreads;dog food;brandy;shopping bags}"
"873","{sausage;rolls/buns;specialty chocolate}"
"874","{sausage;ham;citrus fruit;tropical fruit;berries;packaged fruit/vegetables;whole milk;whipped/sour cream;sliced cheese;pastry;sugar;baking powder}"
"875","{beef;root vegetables;whole milk;cream cheese }"
"876","{fruit/vegetable juice}"
"877","{sugar;hygiene articles}"
"878","{berries;whipped/sour cream}"
"879","{yogurt;beverages;coffee}"
"880","{pork;beef}"
"881","{bottled beer;shopping bags}"
"882","{curd;butter milk;yogurt;sliced cheese;coffee}"
"883","{beef;Instant food products;canned beer}"
"884","{pork;berries;whipped/sour cream;beverages;flour;oil;soda;chocolate;newspapers}"
"885","{white bread}"
"886","{grapes;whole milk;processed cheese;rolls/buns;white bread;fruit/vegetable juice}"
"887","{potato products;flower (seeds)}"
"888","{root vegetables;onions;yogurt;rolls/buns;coffee;bottled water;dishes}"
"889","{chicken;hamburger meat;UHT-milk;soda;canned beer;bathroom cleaner;newspapers}"
"890","{chicken;other vegetables;salt}"
"891","{fish;cream cheese ;coffee}"
"892","{canned beer}"
"893","{other vegetables;whole milk;frozen meals;rolls/buns;brown bread;napkins}"
"894","{chicken;pork;whole milk;frozen vegetables;brown bread;vinegar;bottled beer;red/blush wine;newspapers}"
"895","{other vegetables;misc. beverages}"
"896","{tropical fruit;whole milk}"
"897","{whole milk;cake bar;newspapers}"
"898","{beef;hamburger meat;berries;pastry;hygiene articles}"
"899","{sausage;grapes;rolls/buns;soda;salty snack}"
"900","{whole milk;rolls/buns;chocolate}"
"901","{rolls/buns;soda}"
"902","{citrus fruit;tropical fruit;pip fruit;other vegetables}"
"903","{whole milk;sliced cheese;domestic eggs;artif. sweetener;bottled water;soda;shopping bags}"
"904","{pastry;soda;bottled beer}"
"905","{tropical fruit;other vegetables;whole milk;yogurt;soft cheese;hard cheese;spread cheese;curd cheese;frozen vegetables;ice cream;pastry;coffee;fruit/vegetable juice;hygiene articles}"
"906","{sliced cheese;pastry;newspapers}"
"907","{soda}"
"908","{ham;citrus fruit;whole milk;dessert;frozen meals;coffee;popcorn;shopping bags}"
"909","{salty snack}"
"910","{whole milk;curd;cream cheese ;flour;coffee;bottled water;misc. beverages;newspapers}"
"911","{root vegetables;whipped/sour cream}"
"912","{soda;canned beer;shopping bags}"
"913","{curd;roll products ;margarine;bottled water;canned beer;white wine;dish cleaner}"
"914","{bottled water;soda;fruit/vegetable juice;bottled beer;napkins}"
"915","{packaged fruit/vegetables;pot plants}"
"916","{tropical fruit;root vegetables;frozen vegetables;ice cream;bottled water;cling film/bags}"
"917","{ham;beef;grapes;yogurt;whipped/sour cream;domestic eggs;white bread;pastry;bottled water;fruit/vegetable juice;white wine;salty snack;chocolate;newspapers;shopping bags}"
"918","{pork;citrus fruit;UHT-milk;brown bread;soda;bottled beer;canned beer;long life bakery product}"
"919","{beverages;rolls/buns;soda;misc. beverages;liqueur;cake bar}"
"920","{sausage;rolls/buns;soda}"
"921","{sausage;citrus fruit;whole milk;yogurt;rolls/buns;bottled water;soda;napkins}"
"922","{root vegetables;whole milk;butter;yogurt;cream cheese ;frozen fish;shopping bags}"
"923","{whole milk;cream cheese }"
"924","{frankfurter;turkey;root vegetables;other vegetables;yogurt;rolls/buns;pastry;ready soups}"
"925","{soda;shopping bags}"
"926","{soda;bottled beer}"
"927","{frankfurter;popcorn}"
"928","{berries;whole milk;whipped/sour cream;pickled vegetables;detergent;newspapers}"
"929","{canned beer}"
"930","{frankfurter;pork;white bread;canned vegetables;soda}"
"931","{frankfurter;hamburger meat;whole milk;butter;curd;flour;rice;oil;sugar;mustard;salty snack;chocolate;chocolate marshmallow;dish cleaner;dental care}"
"932","{berries;root vegetables;whole milk;beverages;sugar;soups;coffee;shopping bags}"
"933","{frankfurter;rolls/buns}"
"934","{newspapers}"
"935","{frozen fish;newspapers}"
"936","{tropical fruit;newspapers}"
"937","{beef;grapes;berries;whole milk;yogurt;rolls/buns;newspapers;pot plants}"
"938","{rolls/buns;coffee;instant coffee;salty snack;specialty chocolate}"
"939","{specialty chocolate;pot plants}"
"940","{sparkling wine;dish cleaner}"
"941","{citrus fruit;napkins;shopping bags}"
"942","{onions;herbs;bottled beer}"
"943","{whole milk;pastry;detergent;candles}"
"944","{photo/film}"
"945","{hamburger meat}"
"946","{other vegetables;whole milk;white bread;chewing gum}"
"947","{whole milk;rolls/buns;shopping bags}"
"948","{pork;tropical fruit;grapes;hard cheese;soda;napkins;shopping bags}"
"949","{tropical fruit;grapes;berries;other vegetables;whole milk;butter;dessert;yogurt;whipped/sour cream;ice cream;pastry;salt;baking powder;bottled water;misc. beverages;fruit/vegetable juice;canned beer;specialty chocolate;pot plants}"
"950","{chicken;pork;citrus fruit;other vegetables;whipped/sour cream;white bread;chewing gum;pot plants}"
"951","{other vegetables;chewing gum}"
"952","{sausage;bottled water;red/blush wine}"
"953","{whole milk;whipped/sour cream;baking powder}"
"954","{rolls/buns;coffee}"
"955","{hygiene articles}"
"956","{ice cream;newspapers}"
"957","{curd;whipped/sour cream;domestic eggs;flour;misc. beverages;newspapers}"
"958","{whole milk;frozen meals;newspapers}"
"959","{onions;whole milk;dessert;domestic eggs;rolls/buns;white bread;coffee;bottled water}"
"960","{finished products;organic sausage;sliced cheese;white bread;fruit/vegetable juice}"
"961","{salt;dog food;long life bakery product}"
"962","{tropical fruit;root vegetables;other vegetables;domestic eggs;white bread;brown bread;canned vegetables;soda;fruit/vegetable juice;rum}"
"963","{other vegetables;whole milk;yogurt}"
"964","{chocolate}"
"965","{ice cream}"
"966","{tropical fruit;oil;cat food}"
"967","{frankfurter;citrus fruit;whole milk;yogurt;sliced cheese;specialty cheese;pastry;fruit/vegetable juice}"
"968","{butter;pasta;canned fish;softener;flower (seeds)}"
"969","{other vegetables;butter milk;frozen fish;salty snack}"
"970","{tropical fruit;pastry;canned beer;chocolate}"
"971","{citrus fruit;root vegetables;packaged fruit/vegetables;yogurt;sliced cheese;rolls/buns;white bread;brown bread;zwieback}"
"972","{UHT-milk;salt;soda;specialty chocolate;shopping bags}"
"973","{beef}"
"974","{curd;yogurt;spread cheese;sugar;canned vegetables}"
"975","{citrus fruit;other vegetables;whole milk;dessert;yogurt;frozen vegetables;fruit/vegetable juice;bottled beer;salty snack}"
"976","{yogurt;brown bread;bottled beer;white wine}"
"977","{bottled beer;liquor;red/blush wine}"
"978","{grapes}"
"979","{pork;other vegetables;soda}"
"980","{sausage;citrus fruit;berries;other vegetables;whole milk;yogurt;whipped/sour cream;cream cheese ;frozen vegetables;domestic eggs;pastry;margarine;soups;canned fish;chocolate;candy;napkins}"
"981","{frankfurter;chicken;pork;tropical fruit;root vegetables;other vegetables;yogurt;UHT-milk;mayonnaise;brown bread;pastry;flour;mustard;coffee;cocoa drinks;fruit/vegetable juice;salty snack;long life bakery product;chocolate;seasonal products}"
"982","{artif. sweetener;soda;photo/film}"
"983","{frankfurter;onions;butter;processed cheese;rolls/buns;coffee;bottled beer}"
"984","{pip fruit;root vegetables;dessert;yogurt;domestic eggs;shopping bags}"
"985","{frankfurter;whole milk;coffee;detergent}"
"986","{whole milk;newspapers}"
"987","{domestic eggs;hygiene articles;photo/film;flower soil/fertilizer}"
"988","{packaged fruit/vegetables;dessert;mayonnaise;oil;soda;waffles;chocolate;flower (seeds);shopping bags}"
"989","{chicken;other vegetables;whipped/sour cream;frozen vegetables;bottled water;long life bakery product}"
"990","{pork;whole milk;curd;yogurt;whipped/sour cream;cream cheese ;domestic eggs;white bread;sugar;baking powder;coffee;cocoa drinks;salty snack;waffles;candy;napkins}"
"991","{citrus fruit;other vegetables;whole milk;curd;yogurt;whipped/sour cream;cream cheese ;pastry;vinegar;oil;coffee;long life bakery product;detergent;cleaner;napkins;newspapers}"
"992","{light bulbs}"
"993","{cream cheese ;margarine;tea}"
"994","{sausage;curd;frozen meals;domestic eggs;cake bar;seasonal products;detergent;cleaner;house keeping products;pot plants;shopping bags}"
"995","{citrus fruit;onions}"
"996","{other vegetables;whipped/sour cream;roll products }"
"997","{chicken;tropical fruit;pip fruit;root vegetables;other vegetables;whole milk;butter;yogurt;whipped/sour cream;hard cheese;frozen vegetables;frozen fish;domestic eggs;white bread;rice;specialty fat;dog food;bottled water;fruit/vegetable juice;long life bakery product;softener;napkins;cling film/bags}"
"998","{ice cream}"
"999","{pork;beef;ice cream;rolls/buns;newspapers}"
"1000","{pork;tropical fruit;other vegetables;yogurt;semi-finished bread;flour;margarine;artif. sweetener;organic products;chocolate marshmallow}"
"1001","{onions;domestic eggs;soda;hygiene articles}"
"1002","{tropical fruit;pip fruit;grapes;root vegetables;herbs;yogurt;baking powder;seasonal products;pot plants;shopping bags}"
"1003","{whipped/sour cream;cream cheese ;bottled water;canned beer;shopping bags}"
"1004","{berries;root vegetables;other vegetables;butter;hard cheese;domestic eggs;rolls/buns;fruit/vegetable juice;sparkling wine;hygiene articles}"
"1005","{berries;dessert;whipped/sour cream;white bread;coffee;shopping bags}"
"1006","{rolls/buns;long life bakery product}"
"1007","{ice cream;long life bakery product}"
"1008","{coffee;fruit/vegetable juice;dishes}"
"1009","{whole milk;butter;pasta;misc. beverages}"
"1010","{whole milk}"
"1011","{citrus fruit;berries;butter milk;yogurt}"
"1012","{beef;grapes;nuts/prunes;root vegetables;onions;other vegetables;cream;soft cheese;sliced cheese;hard cheese;domestic eggs;rolls/buns;pastry;mustard;specialty chocolate;specialty bar;dental care;shopping bags}"
"1013","{pork;citrus fruit;grapes;root vegetables;whole milk;ready soups;pot plants}"
"1014","{turkey;tropical fruit;pip fruit;root vegetables;other vegetables;curd;butter milk;yogurt;curd cheese;rice;vinegar;margarine}"
"1015","{margarine;newspapers}"
"1016","{butter milk;yogurt}"
"1017","{beef;tropical fruit;onions;other vegetables;whole milk;butter;curd;butter milk;yogurt;domestic eggs;white bread;pastry;shopping bags}"
"1018","{bottled water}"
"1019","{pip fruit;whole milk;domestic eggs;bottled water;long life bakery product}"
"1020","{whole milk;rice}"
"1021","{chocolate}"
"1022","{frankfurter;chicken;butter milk;margarine;long life bakery product}"
"1023","{whole milk;white bread}"
"1024","{sausage;root vegetables;domestic eggs;dish cleaner}"
"1025","{grapes;zwieback;soda;waffles}"
"1026","{brown bread}"
"1027","{root vegetables;other vegetables;cream cheese ;pasta;oil;margarine;salty snack;pot plants}"
"1028","{UHT-milk;bottled water}"
"1029","{onions}"
"1030","{beef;bottled water;misc. beverages;specialty chocolate;shopping bags}"
"1031","{pork;whole milk;rolls/buns;bottled beer}"
"1032","{canned beer;specialty chocolate;candy;shopping bags}"
"1033","{yogurt;margarine}"
"1034","{yogurt;whipped/sour cream;flour;margarine;sugar;baking powder;cat food;soda;fruit/vegetable juice;chocolate;hygiene articles;napkins;newspapers}"
"1035","{pip fruit;curd;dessert;yogurt;specialty chocolate;specialty bar;newspapers;shopping bags}"
"1036","{meat;chicken;root vegetables;whole milk;oil}"
"1037","{coffee;misc. beverages;bottled beer}"
"1038","{bottled water}"
"1039","{bottled beer;liquor}"
"1040","{sausage;whole milk;whipped/sour cream;pasta;pet care;fruit/vegetable juice}"
"1041","{shopping bags}"
"1042","{pork;herbs;other vegetables;yogurt;domestic eggs;specialty bar;dishes}"
"1043","{frankfurter;other vegetables;specialty cheese;chewing gum}"
"1044","{ice cream}"
"1045","{root vegetables;other vegetables;spread cheese;margarine;canned beer}"
"1046","{sausage;tropical fruit;grapes;other vegetables;processed cheese;frozen meals;domestic eggs;white bread;salty snack;newspapers}"
"1047","{sausage;citrus fruit;pip fruit;root vegetables;other vegetables;whole milk;yogurt;whipped/sour cream;spread cheese;frozen vegetables;pastry;instant coffee;soda;fruit/vegetable juice;hygiene articles}"
"1048","{root vegetables}"
"1049","{canned vegetables}"
"1050","{tropical fruit;whole milk;white bread;brown bread;misc. beverages;bottled beer}"
"1051","{grapes;yogurt;UHT-milk;soft cheese;rolls/buns;fruit/vegetable juice;candy;dental care;newspapers;shopping bags}"
"1052","{whole milk;pastry}"
"1053","{frankfurter;whole milk;yogurt;domestic eggs;brown bread;margarine;fruit/vegetable juice;canned beer;shopping bags}"
"1054","{dessert;bottled water;soda}"
"1055","{shopping bags}"
"1056","{butter;rolls/buns;salt}"
"1057","{frankfurter;ham;chicken;whole milk;butter;processed cheese;frozen vegetables;white bread;pastry;soda;fruit/vegetable juice;red/blush wine;chocolate;pot plants}"
"1058","{pork;ice cream;soda;cake bar}"
"1059","{whole milk;rolls/buns;roll products ;zwieback;bottled beer}"
"1060","{brown bread}"
"1061","{frozen fish;canned beer;red/blush wine}"
"1062","{soda;misc. beverages}"
"1063","{whole milk;frozen vegetables}"
"1064","{pork;hamburger meat;pip fruit;grapes;root vegetables;other vegetables;whole milk;yogurt;cream cheese ;frozen dessert;sugar;meat spreads;soda;fruit/vegetable juice}"
"1065","{whipped/sour cream}"
"1066","{frankfurter;pip fruit;root vegetables;curd;yogurt;UHT-milk;white bread;pastry;instant coffee;waffles;dish cleaner}"
"1067","{grapes;other vegetables;whole milk;butter;toilet cleaner;newspapers}"
"1068","{sausage;grapes;butter;curd;yogurt;whipped/sour cream;beverages;UHT-milk;sliced cheese;processed cheese;rolls/buns;pastry;chocolate}"
"1069","{citrus fruit;white bread;liquor;specialty bar;shopping bags}"
"1070","{ham;butter;yogurt;hard cheese;ice cream;domestic eggs;misc. beverages;fruit/vegetable juice}"
"1071","{chewing gum}"
"1072","{beef}"
"1073","{beef;tropical fruit;pip fruit;grapes;root vegetables;processed cheese;rolls/buns;white bread;pastry;pasta;specialty vegetables;cat food;soda;misc. beverages}"
"1074","{other vegetables;whole milk;yogurt;specialty cheese;cereals;bottled beer;long life bakery product}"
"1075","{frankfurter;sausage;ham;other vegetables;domestic eggs;rolls/buns;pastry;long life bakery product;specialty bar;chocolate marshmallow}"
"1076","{canned fish}"
"1077","{sausage;other vegetables;whole milk;sliced cheese;white bread;baking powder;pickled vegetables;rum}"
"1078","{bottled water;soda;fruit/vegetable juice;long life bakery product;chewing gum;candy}"
"1079","{specialty cheese}"
"1080","{bottled water;soda}"
"1081","{bottled water;soda;chewing gum}"
"1082","{chicken;beef;whole milk;curd;brown bread;pastry;sauces;pickled vegetables;bottled water;soda;salty snack;waffles;specialty bar;napkins;light bulbs}"
"1083","{frankfurter;tropical fruit;dessert;pastry;flour;margarine;sugar;artif. sweetener;sauces;rum;skin care}"
"1084","{chicken;citrus fruit;root vegetables;other vegetables;whole milk;yogurt;hard cheese;processed cheese;mayonnaise;frozen vegetables;pastry;roll products ;rice;margarine;sugar;pickled vegetables;bottled water;fruit/vegetable juice;candy;skin care;napkins}"
"1085","{chicken;tropical fruit;whole milk;condensed milk;soft cheese;processed cheese;domestic eggs;white bread;pastry;semi-finished bread;soda;long life bakery product;waffles;specialty chocolate;napkins;dishes;kitchen towels;shopping bags}"
"1086","{butter;rolls/buns;pastry;bottled water;canned beer;waffles}"
"1087","{citrus fruit;root vegetables;dessert;yogurt;UHT-milk;brown bread}"
"1088","{whipped/sour cream;beverages;liquor (appetizer)}"
"1089","{frankfurter;turkey;citrus fruit}"
"1090","{beef;citrus fruit;other vegetables;whole milk;domestic eggs;rolls/buns;brown bread;coffee;soda;salty snack;shopping bags}"
"1091","{chicken;other vegetables;white wine;specialty chocolate}"
"1092","{sausage;finished products;tropical fruit;pip fruit;other vegetables;butter;curd;dessert;butter milk;yogurt;whipped/sour cream;soft cheese;frozen vegetables;rolls/buns;white bread;brown bread;pastry;pasta;soups;baby food;fruit/vegetable juice;salty snack;waffles;cake bar;chocolate;shopping bags}"
"1093","{citrus fruit;whole milk;butter;dessert;UHT-milk;flower (seeds);shopping bags}"
"1094","{ice cream;coffee;waffles}"
"1095","{specialty chocolate}"
"1096","{frankfurter;herbs;yogurt;UHT-milk;mayonnaise;frozen vegetables;margarine;bottled water;soda;salty snack;seasonal products;detergent;pot plants}"
"1097","{pork}"
"1098","{UHT-milk;vinegar;waffles;chocolate}"
"1099","{UHT-milk;domestic eggs;brown bread;coffee;soda;canned beer;liquor (appetizer);newspapers}"
"1100","{cookware}"
"1101","{citrus fruit;butter;UHT-milk;margarine;bottled beer}"
"1102","{sausage;hamburger meat;tropical fruit;onions;other vegetables;butter;yogurt;white bread;brown bread;margarine;cat food}"
"1103","{frankfurter;root vegetables;other vegetables;domestic eggs;rolls/buns;pastry;soups;Instant food products;bottled water}"
"1104","{citrus fruit;yogurt;UHT-milk;cream cheese ;dish cleaner;house keeping products;shopping bags}"
"1105","{ham;whole milk;processed cheese;white bread;semi-finished bread;bottled water;soda;fruit/vegetable juice;popcorn;chewing gum;shopping bags}"
"1106","{ham;chicken;citrus fruit;pip fruit;herbs;other vegetables;butter;napkins}"
"1107","{bottled water;canned beer}"
"1108","{popcorn;candy}"
"1109","{tropical fruit;pip fruit;other vegetables;cream cheese ;soda;bottled beer}"
"1110","{frankfurter;sausage;UHT-milk;frozen meals;frozen dessert;domestic eggs;rolls/buns;pastry;mustard;coffee}"
"1111","{hamburger meat;citrus fruit;packaged fruit/vegetables;rolls/buns;vinegar;cocoa drinks;specialty chocolate}"
"1112","{soda;candy}"
"1113","{sausage;root vegetables;rolls/buns;bottled water;white wine;flower (seeds)}"
"1114","{yogurt;sliced cheese;frozen vegetables;frozen meals;pickled vegetables;coffee;instant coffee}"
"1115","{meat;other vegetables;whole milk;yogurt;soft cheese;sliced cheese;domestic eggs;margarine;cat food;pet care;coffee;bottled beer;red/blush wine;dish cleaner;napkins;kitchen towels}"
"1116","{red/blush wine}"
"1117","{UHT-milk;instant coffee}"
"1118","{brown bread}"
"1119","{semi-finished bread}"
"1120","{whole milk;soda;misc. beverages;shopping bags}"
"1121","{cat food;dish cleaner;shopping bags}"
"1122","{citrus fruit;tropical fruit;pip fruit;grapes;root vegetables;other vegetables;whole milk;curd;dessert;whipped/sour cream;UHT-milk;frozen vegetables;frozen meals;bottled water;fruit/vegetable juice;specialty chocolate;napkins}"
"1123","{citrus fruit;other vegetables;butter;soda;bottled beer;canned beer;waffles;chocolate;seasonal products}"
"1124","{meat;other vegetables;packaged fruit/vegetables;cream cheese ;margarine;bottled water;salty snack}"
"1125","{rolls/buns}"
"1126","{root vegetables;whipped/sour cream;salt;fruit/vegetable juice;salty snack}"
"1127","{tropical fruit;other vegetables;whole milk;curd;whipped/sour cream;bottled beer}"
"1128","{brown bread;oil;sugar;soda;bottled beer}"
"1129","{shopping bags}"
"1130","{grapes;brown bread;bottled beer;white wine}"
"1131","{ham;tropical fruit;cream cheese ;processed cheese;white bread;candy}"
"1132","{root vegetables;skin care}"
"1133","{ice cream;misc. beverages;canned beer;napkins;shopping bags}"
"1134","{tropical fruit;other vegetables;bottled water;bottled beer;napkins}"
"1135","{finished products;other vegetables;soda;fruit/vegetable juice}"
"1136","{dessert}"
"1137","{sparkling wine}"
"1138","{other vegetables;yogurt;oil;dental care}"
"1139","{misc. beverages}"
"1140","{other vegetables;nut snack}"
"1141","{misc. beverages}"
"1142","{dessert;yogurt;UHT-milk;soda;canned beer;light bulbs}"
"1143","{frankfurter;tropical fruit;cream cheese ;rolls/buns;fruit/vegetable juice;kitchen towels;newspapers}"
"1144","{sausage;citrus fruit;pip fruit;yogurt;beverages;sliced cheese;sugar;bottled water;soda;cake bar}"
"1145","{meat;citrus fruit;root vegetables;other vegetables;whipped/sour cream;semi-finished bread;salty snack}"
"1146","{sausage;yogurt;pastry;margarine;soda;bottled beer;flower (seeds)}"
"1147","{onions}"
"1148","{beef;citrus fruit;onions;herbs;other vegetables;whole milk;yogurt;whipped/sour cream;specialty cheese;brown bread;canned vegetables;bottled water;dish cleaner;abrasive cleaner;hygiene articles}"
"1149","{pip fruit;other vegetables;butter;yogurt;whipped/sour cream;brown bread;pastry;fruit/vegetable juice;detergent}"
"1150","{ham;hamburger meat;onions;other vegetables;processed cheese;frozen vegetables;domestic eggs;rolls/buns;white bread;cookware;shopping bags}"
"1151","{yogurt;newspapers}"
"1152","{citrus fruit;grapes;curd;bottled water;waffles}"
"1153","{other vegetables;sugar}"
"1154","{pork;frozen meals;frozen fish;shopping bags}"
"1155","{bathroom cleaner}"
"1156","{ham;grapes;spread cheese;ice cream;frozen potato products;white bread;oil;pudding powder}"
"1157","{grapes;specialty cheese;pasta;coffee;bottled water;soda;canned beer;brandy;white wine}"
"1158","{pastry}"
"1159","{citrus fruit;bottled water;red/blush wine;photo/film}"
"1160","{photo/film}"
"1161","{dessert;white bread}"
"1162","{citrus fruit;tropical fruit;pip fruit;long life bakery product}"
"1163","{soda}"
"1164","{chewing gum}"
"1165","{root vegetables;sliced cheese;soda;bottled beer}"
"1166","{pork;other vegetables}"
"1167","{turkey;whole milk;UHT-milk;fruit/vegetable juice}"
"1168","{tropical fruit;other vegetables;soda;candy;shopping bags}"
"1169","{sausage;other vegetables;pasta;oil;margarine;coffee;syrup;canned beer;napkins;light bulbs;shopping bags}"
"1170","{sausage;meat;other vegetables;brown bread;canned fish;bottled water;canned beer;liquor (appetizer);shopping bags}"
"1171","{pork;tropical fruit;other vegetables;dessert;yogurt;roll products ;flour;rice;coffee;bottled water;soda;fruit/vegetable juice;canned beer;salty snack}"
"1172","{sausage;citrus fruit;pip fruit;mayonnaise;brown bread;shopping bags}"
"1173","{grapes;chocolate;light bulbs}"
"1174","{grapes;pastry;salty snack;light bulbs;shopping bags}"
"1175","{other vegetables;yogurt;processed cheese;ketchup;bottled water;male cosmetics}"
"1176","{pot plants}"
"1177","{bottled water;pot plants}"
"1178","{prosecco;hygiene articles;pot plants}"
"1179","{UHT-milk;soda;dish cleaner;napkins}"
"1180","{bottled water;soda;chewing gum;specialty chocolate;candy}"
"1181","{rolls/buns;canned fish;canned beer}"
"1182","{specialty chocolate}"
"1183","{beef;other vegetables;butter milk;yogurt;whipped/sour cream;cream cheese ;white bread;fruit/vegetable juice;bottled beer;chocolate}"
"1184","{tropical fruit;pasta;bottled water}"
"1185","{beef;root vegetables;other vegetables;butter;yogurt;rolls/buns;flour}"
"1186","{rolls/buns;white wine}"
"1187","{berries;root vegetables;whipped/sour cream;roll products ;bottled beer}"
"1188","{sausage;hamburger meat;whole milk;rolls/buns;oil;pickled vegetables;softener;hygiene articles}"
"1189","{chicken;pork;beef;whole milk;curd;whipped/sour cream}"
"1190","{sausage;citrus fruit;whole milk;cream cheese ;processed cheese;frozen vegetables;rolls/buns;pastry;fruit/vegetable juice;chewing gum}"
"1191","{shopping bags}"
"1192","{canned beer}"
"1193","{soda;canned beer}"
"1194","{yogurt;UHT-milk;rolls/buns}"
"1195","{rolls/buns;red/blush wine;newspapers}"
"1196","{rolls/buns;coffee}"
"1197","{whole milk;brown bread}"
"1198","{citrus fruit;root vegetables;other vegetables;whole milk;curd;yogurt;whipped/sour cream;hard cheese;cream cheese ;domestic eggs;flour;rice;oil;margarine;sugar}"
"1199","{citrus fruit;tropical fruit;grapes;whole milk;brown bread;pastry}"
"1200","{brown bread;chocolate}"
"1201","{tropical fruit;other vegetables;whipped/sour cream;UHT-milk;frozen vegetables;oil;margarine;fruit/vegetable juice;kitchen towels}"
"1202","{frankfurter;tropical fruit;butter;whipped/sour cream;frozen vegetables;rolls/buns;sugar;baking powder;bottled water;misc. beverages;long life bakery product;newspapers}"
"1203","{coffee}"
"1204","{ham;rolls/buns;bottled beer;chewing gum}"
"1205","{other vegetables;curd;yogurt;pickled vegetables;bottled water}"
"1206","{sausage;whole milk;curd;butter milk;whipped/sour cream}"
"1207","{pork;whole milk;margarine;soda;canned beer;newspapers}"
"1208","{citrus fruit;yogurt;whipped/sour cream;soda;cookware}"
"1209","{tropical fruit;whole milk;domestic eggs;pastry;hygiene articles}"
"1210","{other vegetables;yogurt;cream cheese }"
"1211","{pork;whole milk;sugar;soda;long life bakery product;chocolate}"
"1212","{chicken;pork;pip fruit;other vegetables;whole milk;tidbits;frozen fish;rolls/buns;margarine;baking powder;soda;bottled beer;white wine;waffles;chocolate;candy}"
"1213","{root vegetables;whole milk;yogurt;rolls/buns;pot plants}"
"1214","{citrus fruit;cake bar;baby cosmetics;shopping bags}"
"1215","{fruit/vegetable juice}"
"1216","{beef;tropical fruit;whole milk;ice cream;cat food}"
"1217","{frankfurter;sausage;liver loaf;ham;chicken;beef;citrus fruit;tropical fruit;root vegetables;other vegetables;whole milk;butter;curd;yogurt;whipped/sour cream;beverages;soft cheese;hard cheese;cream cheese ;mayonnaise;domestic eggs;rolls/buns;roll products ;flour;pasta;margarine;specialty fat;sugar;soups;skin care;hygiene articles;candles}"
"1218","{frankfurter;pip fruit;other vegetables;yogurt;spread cheese;rolls/buns;white bread;pastry;coffee;soda;waffles;hygiene articles}"
"1219","{beef;hamburger meat;other vegetables;rolls/buns;brown bread;bottled water;soda;bottled beer;canned beer}"
"1220","{ham;pork;hamburger meat;pip fruit;other vegetables;whole milk;butter;curd;dessert;butter milk;whipped/sour cream;domestic eggs;brown bread;roll products ;hygiene articles}"
"1221","{shopping bags}"
"1222","{pork;root vegetables;other vegetables;specialty fat;sugar;baking powder;cat food;salty snack;waffles;shopping bags}"
"1223","{condensed milk;bottled water;misc. beverages;bottled beer;bathroom cleaner}"
"1224","{chicken;bottled beer;red/blush wine;newspapers}"
"1225","{sausage;meat;butter;domestic eggs;cat food}"
"1226","{bottled beer;pot plants}"
"1227","{chicken;pork;grapes;other vegetables;domestic eggs;rolls/buns;pastry;soda;specialty bar}"
"1228","{finished products;other vegetables;whole milk;whipped/sour cream;margarine;cereals;soda;salty snack}"
"1229","{pork;beef;citrus fruit;berries;root vegetables;other vegetables;whole milk;yogurt;cream cheese ;vinegar;oil;cat food;specialty chocolate;detergent;dish cleaner;abrasive cleaner;cleaner;hygiene articles;shopping bags}"
"1230","{root vegetables;whole milk;yogurt;frozen potato products}"
"1231","{domestic eggs;seasonal products;shopping bags}"
"1232","{domestic eggs;specialty bar;seasonal products;shopping bags}"
"1233","{bottled water;soda}"
"1234","{cling film/bags}"
"1235","{other vegetables;rolls/buns;bottled water;fruit/vegetable juice;canned beer;whisky;shopping bags}"
"1236","{whole milk}"
"1237","{sausage;meat;pork;whole milk;butter;whipped/sour cream;frozen vegetables;frozen dessert;white bread;brown bread;pastry;coffee}"
"1238","{sausage;mayonnaise;rolls/buns;canned beer;shopping bags}"
"1239","{tropical fruit;sliced cheese;domestic eggs;zwieback}"
"1240","{frankfurter;beef;tropical fruit;pip fruit;butter;yogurt;dog food;long life bakery product;cookware;newspapers}"
"1241","{frozen potato products;pot plants}"
"1242","{frankfurter;sausage;packaged fruit/vegetables;soda}"
"1243","{frankfurter;other vegetables;zwieback}"
"1244","{chicken;tropical fruit;pip fruit;root vegetables;herbs;other vegetables;dessert;yogurt;whipped/sour cream;beverages;brown bread;cat food;shopping bags}"
"1245","{tropical fruit;pip fruit;other vegetables;whole milk;napkins;dishes;flower (seeds)}"
"1246","{bottled beer}"
"1247","{citrus fruit;grapes;rolls/buns;pastry;coffee;soda}"
"1248","{hamburger meat;pip fruit;whole milk;curd;beverages;brandy;male cosmetics;cookware;shopping bags}"
"1249","{chicken;berries;mayonnaise;frozen vegetables;salty snack;newspapers}"
"1250","{pork}"
"1251","{rolls/buns}"
"1252","{bottled water}"
"1253","{sausage;tropical fruit;whole milk;yogurt;processed cheese;pastry;margarine;Instant food products;coffee;popcorn;house keeping products}"
"1254","{frozen potato products;bottled water;soda}"
"1255","{frankfurter;whole milk;whipped/sour cream;curd cheese;domestic eggs;margarine;baking powder;cat food;bottled water;canned beer;candy;napkins}"
"1256","{sausage;root vegetables;other vegetables;whole milk;butter;whipped/sour cream;processed cheese;sugar;baking powder;jam;coffee;bottled water;soda;fruit/vegetable juice;salty snack;long life bakery product;candy;napkins}"
"1257","{tropical fruit;dessert;sweet spreads;fruit/vegetable juice}"
"1258","{bottled beer}"
"1259","{bottled beer}"
"1260","{rolls/buns;brown bread}"
"1261","{citrus fruit;tropical fruit;whole milk;coffee}"
"1262","{yogurt;softener}"
"1263","{turkey;pork;beef;hamburger meat;tropical fruit;root vegetables;onions;other vegetables;whole milk;butter;butter milk;yogurt;rolls/buns;oil;fruit/vegetable juice;waffles;candy}"
"1264","{soda;softener}"
"1265","{canned beer}"
"1266","{canned beer}"
"1267","{sausage;other vegetables;whole milk}"
"1268","{pork;root vegetables;whole milk;curd;whipped/sour cream;rolls/buns;white bread;canned vegetables;soda;cleaner}"
"1269","{Instant food products}"
"1270","{frankfurter;sausage;tropical fruit;whole milk;yogurt;pastry;sugar;bottled water;soda;fruit/vegetable juice}"
"1271","{oil;dental care;newspapers}"
"1272","{chicken;hamburger meat;other vegetables;rolls/buns;shopping bags}"
"1273","{beef;domestic eggs;rolls/buns;flour;candy}"
"1274","{dessert;UHT-milk;bottled water;soda;canned beer;chewing gum;softener;shopping bags}"
"1275","{pork;citrus fruit;other vegetables;domestic eggs;margarine;canned beer}"
"1276","{curd;whipped/sour cream;flour;baking powder;newspapers}"
"1277","{chicken;red/blush wine}"
"1278","{whipped/sour cream}"
"1279","{frankfurter;ham;root vegetables;onions;whole milk;yogurt;rolls/buns;white bread;brown bread;margarine}"
"1280","{frankfurter;root vegetables;rolls/buns;pastry;mustard;bottled beer;shopping bags}"
"1281","{liver loaf;root vegetables;pet care;waffles;chocolate}"
"1282","{pork;root vegetables;onions;other vegetables;whole milk;napkins;shopping bags}"
"1283","{frankfurter;liver loaf;turkey;UHT-milk;pasta;waffles;chocolate;dental care;dishes}"
"1284","{pork;citrus fruit;root vegetables;other vegetables;whole milk;butter;soda;dishes;newspapers;flower (seeds)}"
"1285","{pork;tropical fruit;root vegetables;onions;other vegetables;whole milk;butter;whipped/sour cream;soft cheese;sliced cheese;ice cream;semi-finished bread;soda;newspapers}"
"1286","{soda}"
"1287","{root vegetables;rolls/buns;margarine;soda;bottled beer}"
"1288","{whipped/sour cream;beverages;fruit/vegetable juice;chocolate}"
"1289","{chocolate}"
"1290","{whole milk;frozen vegetables;specialty chocolate}"
"1291","{pork;beef;whole milk;curd;rolls/buns;pastry}"
"1292","{coffee;shopping bags}"
"1293","{rolls/buns;waffles}"
"1294","{citrus fruit;other vegetables;whole milk;yogurt;hard cheese;specialty cheese;rolls/buns;flour;cat food}"
"1295","{citrus fruit;yogurt;brown bread;pasta}"
"1296","{soda;chocolate;specialty chocolate;newspapers;shopping bags}"
"1297","{cream cheese ;rolls/buns}"
"1298","{soda}"
"1299","{chicken;whipped/sour cream;coffee;shopping bags}"
"1300","{frozen fish}"
"1301","{sausage;meat;chicken;root vegetables;other vegetables;whole milk;salt;salty snack}"
"1302","{beef;berries;other vegetables;white bread;shopping bags}"
"1303","{ham;whole milk;hard cheese;frozen meals;rolls/buns;rice;soups;baking powder;canned vegetables;bottled beer;female sanitary products}"
"1304","{chicken;pork;root vegetables;onions;packaged fruit/vegetables;butter;hard cheese;salt;bottled water;bottled beer}"
"1305","{herbs;other vegetables;whole milk;butter;white bread;margarine;misc. beverages;hygiene articles;shopping bags}"
"1306","{grapes;root vegetables}"
"1307","{tropical fruit;pip fruit;whole milk;chewing gum;chocolate}"
"1308","{frankfurter;meat;tropical fruit;berries;other vegetables;whole milk;whipped/sour cream;domestic eggs;margarine;ketchup;misc. beverages;canned beer;salty snack}"
"1309","{onions;other vegetables;rolls/buns;salt;chocolate;specialty bar;shopping bags}"
"1310","{sausage;organic sausage;citrus fruit;berries;yogurt;whipped/sour cream;domestic eggs;rolls/buns;canned vegetables;salty snack;newspapers}"
"1311","{citrus fruit;other vegetables;soft cheese;rolls/buns;pastry;canned beer;newspapers}"
"1312","{hamburger meat;pastry;soda;canned beer;detergent;softener;hygiene articles;shopping bags}"
"1313","{frankfurter;root vegetables;other vegetables;whole milk;whipped/sour cream;sliced cheese;frozen meals;frozen dessert;flour;sugar;coffee;cleaner;shopping bags}"
"1314","{sausage;pork}"
"1315","{root vegetables;other vegetables;yogurt}"
"1316","{oil;dish cleaner;newspapers}"
"1317","{canned beer}"
"1318","{newspapers}"
"1319","{pip fruit;root vegetables;other vegetables;whole milk;chewing gum;kitchen towels}"
"1320","{coffee}"
"1321","{red/blush wine;specialty chocolate}"
"1322","{onions;vinegar;pet care;specialty bar}"
"1323","{frankfurter;berries;other vegetables;whole milk;soft cheese;domestic eggs;rolls/buns;brown bread;pastry;shopping bags}"
"1324","{meat;beef;tropical fruit;pip fruit;berries;other vegetables;whole milk;white bread;brown bread;sugar;detergent}"
"1325","{whole milk;canned fish;soda;bottled beer;hygiene articles;candles}"
"1326","{dessert;dishes}"
"1327","{hamburger meat;baking powder;sweet spreads}"
"1328","{chewing gum;napkins;dishes}"
"1329","{bottled water;fruit/vegetable juice;bottled beer;prosecco}"
"1330","{beverages;pastry;long life bakery product;chocolate marshmallow}"
"1331","{whole milk;yogurt;frozen meals;sugar;coffee;bottled water;fruit/vegetable juice;bottled beer;salty snack}"
"1332","{citrus fruit;pip fruit;grapes;other vegetables;dessert;butter milk;yogurt;domestic eggs;flour;oil;sugar;ketchup;detergent;dish cleaner}"
"1333","{tropical fruit;whole milk;hard cheese;rolls/buns;cat food;bottled water;dish cleaner}"
"1334","{cat food;soda}"
"1335","{whole milk;beverages;pastry;soda}"
"1336","{soda;fruit/vegetable juice}"
"1337","{sausage;yogurt;salty snack}"
"1338","{root vegetables;whole milk;butter;yogurt;whipped/sour cream;soft cheese;cream cheese ;domestic eggs;brown bread;jam;misc. beverages;fruit/vegetable juice;napkins;pot plants}"
"1339","{berries;other vegetables;butter milk;yogurt;soda;newspapers}"
"1340","{other vegetables}"
"1341","{sausage;pip fruit;root vegetables;bottled beer;abrasive cleaner;light bulbs}"
"1342","{beverages;bottled water;misc. beverages}"
"1343","{chicken;root vegetables;roll products ;vinegar;shopping bags}"
"1344","{whole milk;yogurt;chocolate}"
"1345","{sausage;hard cheese;rolls/buns;canned vegetables;dog food}"
"1346","{ham;hamburger meat;citrus fruit;root vegetables;onions;other vegetables;whole milk;white bread;brown bread;sugar;soda;red/blush wine;dishes;shopping bags}"
"1347","{whole milk;brown bread}"
"1348","{root vegetables;onions;whole milk;bottled water;dishes}"
"1349","{citrus fruit;frozen potato products}"
"1350","{frankfurter;chicken;butter;dessert;butter milk;ice cream;pastry;oil;margarine;soda;salty snack;chocolate;chocolate marshmallow;detergent;hygiene articles;napkins;pot plants}"
"1351","{ice cream;salty snack;waffles}"
"1352","{sausage;ham;meat;chicken;tropical fruit;other vegetables;whole milk;butter;yogurt;cream cheese ;frozen vegetables;domestic eggs;rolls/buns;brown bread;semi-finished bread;candy;newspapers}"
"1353","{root vegetables;fruit/vegetable juice;long life bakery product;pot plants}"
"1354","{ham;tropical fruit;grapes;onions;other vegetables;yogurt;whipped/sour cream;soft cheese;sliced cheese;frozen vegetables;white bread;pastry;semi-finished bread;oil;cat food;bottled water;fruit/vegetable juice;detergent;house keeping products}"
"1355","{coffee}"
"1356","{citrus fruit;frozen meals;canned beer;red/blush wine;salty snack}"
"1357","{pot plants}"
"1358","{other vegetables;chocolate}"
"1359","{whole milk;white bread;pastry}"
"1360","{zwieback;oil;mustard;chocolate}"
"1361","{chicken;other vegetables;whole milk;domestic eggs;pastry;canned beer}"
"1362","{butter;yogurt;dog food}"
"1363","{ham;dessert;frozen meals;frozen dessert;white bread;sweet spreads;soda;long life bakery product;specialty bar;hygiene articles;newspapers;shopping bags}"
"1364","{whole milk;butter milk;soda;chewing gum;shopping bags}"
"1365","{citrus fruit;misc. beverages;liquor;cling film/bags}"
"1366","{ham;herbs;other vegetables;curd;yogurt;cream cheese ;light bulbs}"
"1367","{canned beer}"
"1368","{frankfurter;packaged fruit/vegetables;brown bread;margarine;waffles}"
"1369","{chicken;tropical fruit;candy;shopping bags}"
"1370","{frankfurter;bottled beer}"
"1371","{bottled beer}"
"1372","{other vegetables;cream cheese ;coffee;dishes}"
"1373","{frozen potato products}"
"1374","{chicken;whole milk}"
"1375","{sausage;meat;grapes;other vegetables;yogurt;soft cheese;domestic eggs;rolls/buns;margarine;soda;chocolate}"
"1376","{canned beer}"
"1377","{yogurt;chocolate}"
"1378","{frozen meals;pet care;soda}"
"1379","{canned fruit;meat spreads;bottled water}"
"1380","{butter;waffles;chocolate}"
"1381","{yogurt;pastry;semi-finished bread;soda;shopping bags}"
"1382","{citrus fruit;whole milk;soft cheese;canned beer}"
"1383","{meat;yogurt}"
"1384","{root vegetables;butter;frozen vegetables;salty snack}"
"1385","{frankfurter;sausage;whole milk;butter;dessert;pastry;fruit/vegetable juice}"
"1386","{tropical fruit;other vegetables;packaged fruit/vegetables;whole milk;frozen meals;white bread;instant coffee;soda;female sanitary products;newspapers;pot plants;shopping bags}"
"1387","{yogurt;sugar;instant coffee}"
"1388","{root vegetables;other vegetables;white bread;sparkling wine}"
"1389","{yogurt;rolls/buns;pastry;soda}"
"1390","{oil}"
"1391","{citrus fruit;pip fruit;grapes;berries;soft cheese;rolls/buns;oil;shopping bags}"
"1392","{beef;root vegetables;whole milk;butter milk;yogurt;beverages;cream cheese ;sweet spreads;soda;chocolate}"
"1393","{citrus fruit;onions;other vegetables;whole milk;cream cheese ;domestic eggs;sugar;bottled water;bottled beer;long life bakery product;seasonal products;napkins}"
"1394","{dessert;misc. beverages}"
"1395","{curd;jam;shopping bags}"
"1396","{bottled water}"
"1397","{sausage;domestic eggs;coffee;soda}"
"1398","{herbs}"
"1399","{dog food;soda;fruit/vegetable juice;bottled beer}"
"1400","{packaged fruit/vegetables;whole milk;pastry;bottled water;soda;misc. beverages;chewing gum;specialty bar;hygiene articles;pot plants;shopping bags}"
"1401","{frankfurter;pork;specialty fat;specialty bar}"
"1402","{finished products;beef;tropical fruit;spread cheese;rolls/buns;waffles;chocolate;specialty chocolate;hair spray;shopping bags}"
"1403","{oil}"
"1404","{curd}"
"1405","{herbs;pot plants}"
"1406","{sausage;other vegetables;sliced cheese;rolls/buns;coffee;soda;shopping bags}"
"1407","{whole milk;sugar;pudding powder}"
"1408","{sausage;waffles}"
"1409","{soda}"
"1410","{whole milk;bottled water;soda;canned beer}"
"1411","{root vegetables;whole milk;brown bread;brandy;detergent;dish cleaner;female sanitary products;napkins;shopping bags}"
"1412","{sugar}"
"1413","{cream cheese ;dishes}"
"1414","{other vegetables;misc. beverages;long life bakery product;chocolate;candy;shopping bags}"
"1415","{frozen fruits;detergent}"
"1416","{whipped/sour cream}"
"1417","{yogurt}"
"1418","{pork;beef;other vegetables;yogurt;shopping bags}"
"1419","{grapes;butter;domestic eggs;salt;sugar;baking powder}"
"1420","{whole milk;soda}"
"1421","{sausage;ham;citrus fruit;grapes;berries;butter milk;frozen meals;domestic eggs;cat food;coffee;bottled water;soda;fruit/vegetable juice;waffles;hygiene articles}"
"1422","{canned beer}"
"1423","{meat;hamburger meat;spices;coffee}"
"1424","{soda}"
"1425","{bottled beer}"
"1426","{whole milk;yogurt}"
"1427","{chicken;whole milk}"
"1428","{pip fruit}"
"1429","{pork;UHT-milk;rolls/buns;margarine}"
"1430","{oil}"
"1431","{whole milk;shopping bags}"
"1432","{pip fruit;root vegetables;whole milk;rolls/buns;pastry;coffee;chocolate}"
"1433","{root vegetables;coffee;detergent}"
"1434","{ham;whole milk;curd;dessert}"
"1435","{ice cream;soda;bottled beer;chocolate marshmallow}"
"1436","{sausage;whole milk;brown bread;soda}"
"1437","{detergent}"
"1438","{oil;female sanitary products;cling film/bags}"
"1439","{tropical fruit;pip fruit;grapes;ice cream;frozen potato products;rolls/buns;pastry;soda;misc. beverages;salty snack;long life bakery product;chewing gum;specialty bar;napkins;photo/film}"
"1440","{photo/film}"
"1441","{UHT-milk;coffee}"
"1442","{meat;bottled beer;shopping bags}"
"1443","{grapes;root vegetables;whole milk;butter;whipped/sour cream;condensed milk;roll products ;oil;bottled water;fruit/vegetable juice}"
"1444","{liver loaf;tropical fruit;pip fruit;grapes;whole milk;curd;whipped/sour cream;frozen vegetables;baking powder}"
"1445","{beef;root vegetables;other vegetables;soda;bottled beer;hygiene articles}"
"1446","{root vegetables;whole milk;butter;domestic eggs;flour;oil;sugar;baking powder;white wine;specialty chocolate;shopping bags}"
"1447","{pork;brown bread;bottled water;fruit/vegetable juice}"
"1448","{butter milk;shopping bags}"
"1449","{brown bread;specialty chocolate;shopping bags}"
"1450","{herbs;curd;roll products ;vinegar;canned beer;newspapers}"
"1451","{newspapers}"
"1452","{brandy}"
"1453","{pastry;sugar;bottled beer;long life bakery product;shopping bags}"
"1454","{beverages;soda;chocolate}"
"1455","{UHT-milk}"
"1456","{cream cheese ;pasta;jam;sweet spreads;coffee;soda;chocolate}"
"1457","{rolls/buns;liquor;red/blush wine}"
"1458","{rolls/buns}"
"1459","{rolls/buns;bottled water}"
"1460","{sausage;whole milk;brown bread;pastry}"
"1461","{hard cheese;rolls/buns;soda;shopping bags}"
"1462","{canned beer}"
"1463","{canned beer}"
"1464","{citrus fruit;tropical fruit;berries;yogurt;cream cheese ;brown bread;meat spreads}"
"1465","{yogurt}"
"1466","{yogurt;beverages;rolls/buns;fruit/vegetable juice;pot plants}"
"1467","{salty snack}"
"1468","{tropical fruit;frozen vegetables}"
"1469","{citrus fruit;other vegetables;whole milk;butter;frozen vegetables;rolls/buns;brown bread;fruit/vegetable juice;cleaner}"
"1470","{rolls/buns}"
"1471","{whipped/sour cream;salty snack}"
"1472","{citrus fruit;whole milk;butter milk;whipped/sour cream}"
"1473","{butter milk}"
"1474","{other vegetables;whole milk;soups;bottled water;bottled beer}"
"1475","{canned beer}"
"1476","{soda;fruit/vegetable juice}"
"1477","{tropical fruit;whole milk}"
"1478","{coffee;soda;bottled beer;liquor (appetizer);bathroom cleaner}"
"1479","{ham;other vegetables;whole milk;frozen vegetables}"
"1480","{whipped/sour cream}"
"1481","{citrus fruit;tropical fruit;whole milk;rolls/buns;bottled water;long life bakery product;decalcifier;newspapers}"
"1482","{dessert;fruit/vegetable juice;newspapers}"
"1483","{whole milk;rolls/buns}"
"1484","{canned beer}"
"1485","{rolls/buns;soda}"
"1486","{fish;dessert;yogurt;cling film/bags}"
"1487","{meat;other vegetables;rolls/buns;fruit/vegetable juice;cling film/bags}"
"1488","{sausage;rolls/buns}"
"1489","{other vegetables;oil;margarine;dishes}"
"1490","{tropical fruit;other vegetables;waffles;napkins}"
"1491","{baby cosmetics}"
"1492","{citrus fruit;coffee}"
"1493","{tropical fruit;root vegetables;whole milk;yogurt;whipped/sour cream;domestic eggs;rolls/buns;margarine;bottled water}"
"1494","{spices}"
"1495","{sausage;hamburger meat;citrus fruit;root vegetables;whole milk;yogurt;rolls/buns}"
"1496","{sausage;condensed milk;rolls/buns;coffee}"
"1497","{beef;other vegetables;margarine;candles}"
"1498","{canned beer;salty snack;shopping bags}"
"1499","{canned beer}"
"1500","{rolls/buns;soda;waffles;shopping bags}"
"1501","{whole milk;beverages;bottled water;newspapers}"
"1502","{root vegetables;brown bread;pot plants}"
"1503","{yogurt}"
"1504","{onions;shopping bags}"
"1505","{hamburger meat;citrus fruit;tropical fruit;rolls/buns;rice;coffee}"
"1506","{napkins;dishes}"
"1507","{other vegetables;butter milk;UHT-milk;brown bread;bottled water}"
"1508","{chicken;other vegetables;whole milk;curd;UHT-milk;rolls/buns;newspapers}"
"1509","{meat;whole milk;frozen potato products;margarine;soda;detergent}"
"1510","{rolls/buns}"
"1511","{butter;yogurt;rolls/buns;jam;soda}"
"1512","{sausage;fish;other vegetables;brown bread;shopping bags}"
"1513","{rolls/buns}"
"1514","{other vegetables;rolls/buns}"
"1515","{frankfurter;whole milk}"
"1516","{newspapers}"
"1517","{turkey;citrus fruit;tropical fruit;grapes;root vegetables;onions;other vegetables;rolls/buns;brown bread;pastry;pickled vegetables;jam;cat food;fruit/vegetable juice;napkins}"
"1518","{onions;butter;roll products ;oil;napkins;newspapers}"
"1519","{whole milk;curd;ice cream;Instant food products;canned fish;newspapers}"
"1520","{yogurt;frozen vegetables;sweet spreads;bottled water;skin care;newspapers}"
"1521","{whipped/sour cream;flower (seeds)}"
"1522","{frozen vegetables;brown bread}"
"1523","{citrus fruit;whole milk;domestic eggs;canned fruit;dog food;misc. beverages;detergent}"
"1524","{onions;yogurt;oil}"
"1525","{sausage;butter milk;rolls/buns;soda}"
"1526","{other vegetables;butter;pastry;napkins;dishes}"
"1527","{frankfurter;brown bread;sugar}"
"1528","{domestic eggs;rolls/buns;white wine}"
"1529","{rolls/buns;canned fish;soda}"
"1530","{bottled beer}"
"1531","{waffles}"
"1532","{condensed milk;coffee;napkins}"
"1533","{canned beer}"
"1534","{meat;onions;other vegetables;chewing gum;dishes}"
"1535","{whole milk;frozen vegetables;fruit/vegetable juice;long life bakery product}"
"1536","{liver loaf;beef;pip fruit;packaged fruit/vegetables;whole milk;pastry;margarine}"
"1537","{frankfurter;root vegetables;rolls/buns;vinegar;sugar;mustard;cat food;napkins}"
"1538","{chicken;whole milk;rolls/buns;flour;salt;vinegar;sugar}"
"1539","{frankfurter;ham;citrus fruit;other vegetables}"
"1540","{pip fruit;yogurt;sliced cheese}"
"1541","{root vegetables;other vegetables;whole milk;rolls/buns;bottled water;dishes;newspapers}"
"1542","{pip fruit;other vegetables}"
"1543","{pork;hamburger meat;other vegetables;whole milk;whipped/sour cream;frozen meals;baking powder;coffee}"
"1544","{other vegetables;whipped/sour cream;condensed milk;salt}"
"1545","{pastry;long life bakery product;shopping bags}"
"1546","{sausage;pip fruit;whipped/sour cream;detergent;dental care}"
"1547","{processed cheese;red/blush wine;newspapers}"
"1548","{napkins}"
"1549","{meat;whole milk;whipped/sour cream;oil;pickled vegetables;long life bakery product;napkins}"
"1550","{pastry}"
"1551","{sausage;root vegetables;other vegetables;whole milk;dessert;canned fruit;soda;snack products;waffles;shopping bags}"
"1552","{pip fruit;root vegetables;whole milk;ice cream;bottled beer;detergent}"
"1553","{frozen vegetables}"
"1554","{citrus fruit;tropical fruit;coffee}"
"1555","{other vegetables;yogurt;whipped/sour cream;soda;bottled beer;salty snack}"
"1556","{frankfurter;frozen dessert;white wine;chewing gum;shopping bags}"
"1557","{sausage}"
"1558","{beef;other vegetables;yogurt;beverages;rolls/buns;flour;margarine;cat food;bottled water;fruit/vegetable juice}"
"1559","{hamburger meat;other vegetables;whipped/sour cream;pastry;napkins}"
"1560","{yogurt;margarine;sugar;bottled water;bottled beer;red/blush wine;long life bakery product}"
"1561","{beverages}"
"1562","{whole milk}"
"1563","{rolls/buns}"
"1564","{tropical fruit;bottled water;chewing gum}"
"1565","{citrus fruit;herbs;butter;domestic eggs;oil;bottled water;bottled beer}"
"1566","{whole milk;yogurt;whipped/sour cream;soft cheese;candy}"
"1567","{citrus fruit;tropical fruit;root vegetables;yogurt;roll products ;margarine;sugar;bottled water;napkins;house keeping products}"
"1568","{soda}"
"1569","{frankfurter;yogurt;beverages;brown bread;specialty chocolate;candy}"
"1570","{sausage;cream;cream cheese ;canned beer}"
"1571","{napkins}"
"1572","{yogurt}"
"1573","{herbs;oil;dog food}"
"1574","{sausage;fish;UHT-milk}"
"1575","{yogurt;chocolate}"
"1576","{pork;other vegetables;specialty fat}"
"1577","{curd;mustard;canned beer}"
"1578","{frankfurter;sausage;berries;whole milk;yogurt;brown bread;pastry;margarine;fruit/vegetable juice;waffles;decalcifier;napkins}"
"1579","{frankfurter;frozen meals;semi-finished bread;shopping bags}"
"1580","{curd;processed cheese;rolls/buns;pastry;pickled vegetables;fruit/vegetable juice}"
"1581","{liver loaf;organic sausage;pastry;fruit/vegetable juice;candles}"
"1582","{pork;canned fish;cat food}"
"1583","{specialty bar}"
"1584","{ice cream}"
"1585","{specialty bar}"
"1586","{yogurt;shopping bags}"
"1587","{frozen vegetables;coffee}"
"1588","{rolls/buns;canned beer;shopping bags}"
"1589","{pastry;soda}"
"1590","{pork;beef;citrus fruit;root vegetables;other vegetables;whole milk;rolls/buns;flour;pasta;oil;waffles;seasonal products;female sanitary products}"
"1591","{curd;bottled water;photo/film}"
"1592","{beef;citrus fruit;root vegetables;butter;yogurt;whipped/sour cream;frozen meals;pasta;oil;fruit/vegetable juice;waffles;dishes;cookware}"
"1593","{yogurt;bottled water;male cosmetics}"
"1594","{chicken;other vegetables;whole milk;curd;ice cream;rolls/buns;sugar;soda;napkins;pot plants}"
"1595","{detergent}"
"1596","{pip fruit;sweet spreads;coffee;napkins;dishes}"
"1597","{coffee;chocolate}"
"1598","{tropical fruit;berries;yogurt;soda;red/blush wine}"
"1599","{sauces;softener}"
"1600","{pork;onions;other vegetables;bottled beer}"
"1601","{yogurt;condensed milk;rolls/buns;pickled vegetables;bottled water;brandy}"
"1602","{napkins;dishes}"
"1603","{other vegetables;rolls/buns;canned fish}"
"1604","{chicken;citrus fruit;onions;bottled water}"
"1605","{pork;onions;rolls/buns;margarine;canned vegetables;soda;salty snack;house keeping products}"
"1606","{root vegetables}"
"1607","{ham;tropical fruit;pip fruit;other vegetables;whole milk;processed cheese;frozen vegetables;brown bread;soda;shopping bags}"
"1608","{whole milk;rolls/buns}"
"1609","{soda;bottled beer;house keeping products}"
"1610","{rolls/buns;margarine}"
"1611","{tropical fruit;soft cheese;rolls/buns;chocolate}"
"1612","{tropical fruit;pip fruit;brown bread}"
"1613","{sausage;hamburger meat;tropical fruit;root vegetables;whole milk;UHT-milk;domestic eggs;rolls/buns;semi-finished bread;margarine;pickled vegetables;soda;fruit/vegetable juice}"
"1614","{bottled beer}"
"1615","{turkey;tropical fruit;yogurt;UHT-milk;brown bread;pastry}"
"1616","{meat;rolls/buns;specialty chocolate}"
"1617","{whole milk;coffee;female sanitary products;shopping bags}"
"1618","{soda;canned beer}"
"1619","{rolls/buns;canned beer}"
"1620","{dessert;UHT-milk;rolls/buns;pastry;canned beer}"
"1621","{sausage;other vegetables;sliced cheese;mustard;fruit/vegetable juice}"
"1622","{pork;onions;other vegetables;butter milk}"
"1623","{hamburger meat;other vegetables;hard cheese;frozen vegetables}"
"1624","{sausage;beverages;sliced cheese;rolls/buns;specialty bar;shopping bags}"
"1625","{rolls/buns;soda;canned beer;waffles;shopping bags}"
"1626","{misc. beverages;chocolate}"
"1627","{pastry;long life bakery product}"
"1628","{soda;fruit/vegetable juice}"
"1629","{whole milk}"
"1630","{domestic eggs;long life bakery product;seasonal products}"
"1631","{soda}"
"1632","{pip fruit}"
"1633","{yogurt;UHT-milk;domestic eggs;rolls/buns}"
"1634","{frankfurter;pork;pip fruit}"
"1635","{specialty chocolate}"
"1636","{sausage;white bread;bottled beer}"
"1637","{oil}"
"1638","{tropical fruit;pip fruit;soda;bottled beer;popcorn}"
"1639","{citrus fruit;other vegetables;whole milk}"
"1640","{napkins}"
"1641","{whole milk;rolls/buns}"
"1642","{coffee}"
"1643","{tropical fruit;newspapers}"
"1644","{canned beer}"
"1645","{bottled beer}"
"1646","{canned beer}"
"1647","{rum}"
"1648","{rolls/buns;margarine;newspapers}"
"1649","{pastry}"
"1650","{whole milk;dessert}"
"1651","{grapes;root vegetables;other vegetables;roll products ;pasta;oil;margarine;coffee;bottled water;detergent}"
"1652","{whole milk}"
"1653","{yogurt;rolls/buns}"
"1654","{root vegetables;other vegetables;whole milk;yogurt;rolls/buns;chewing gum;candles}"
"1655","{pastry}"
"1656","{canned beer}"
"1657","{sausage}"
"1658","{tropical fruit;other vegetables;yogurt;spread cheese;soda}"
"1659","{frankfurter;citrus fruit;tropical fruit;whole milk;butter;whipped/sour cream}"
"1660","{rolls/buns}"
"1661","{frankfurter;pip fruit;other vegetables;whole milk}"
"1662","{sausage;other vegetables;newspapers;shopping bags}"
"1663","{whole milk;rolls/buns}"
"1664","{whole milk;canned beer}"
"1665","{whole milk;frozen vegetables}"
"1666","{ham;pip fruit;herbs;other vegetables;butter;rolls/buns;white bread;oil;canned fish;soda}"
"1667","{whole milk;yogurt;white bread;newspapers}"
"1668","{beef;citrus fruit;pip fruit;yogurt;rolls/buns;flour;margarine;soups;bottled water}"
"1669","{domestic eggs;rolls/buns;soda}"
"1670","{soda;waffles}"
"1671","{whole milk;yogurt;beverages;mustard;bottled water;newspapers}"
"1672","{ham;pip fruit;whole milk;rolls/buns;honey;newspapers}"
"1673","{curd;yogurt;mayonnaise;brown bread;margarine;sugar;ketchup;dish cleaner;cling film/bags}"
"1674","{bottled water}"
"1675","{butter milk;coffee}"
"1676","{pork;other vegetables}"
"1677","{pork;onions;shopping bags}"
"1678","{turkey;other vegetables;whole milk;oil;instant coffee;specialty bar}"
"1679","{cream cheese ;soda}"
"1680","{tropical fruit;berries;root vegetables;other vegetables;yogurt;rolls/buns;shopping bags}"
"1681","{rolls/buns}"
"1682","{citrus fruit;other vegetables;whole milk;margarine;bottled beer;newspapers}"
"1683","{frankfurter;sausage;root vegetables;yogurt;mayonnaise;rolls/buns;brown bread;roll products ;margarine;coffee}"
"1684","{whipped/sour cream}"
"1685","{tropical fruit;butter;butter milk;brown bread;long life bakery product}"
"1686","{frankfurter;pip fruit;rolls/buns;bottled water}"
"1687","{sausage;tropical fruit;whole milk;processed cheese;frozen vegetables;domestic eggs;rolls/buns;white bread;rice;soda;detergent;softener;decalcifier;napkins;shopping bags}"
"1688","{sausage;citrus fruit;tropical fruit;whole milk;bottled water;specialty bar;detergent;newspapers}"
"1689","{sausage;rolls/buns;soda;specialty bar}"
"1690","{sliced cheese;rolls/buns;margarine;soda;shopping bags}"
"1691","{candy}"
"1692","{tropical fruit;berries;pickled vegetables;pet care;soda}"
"1693","{pip fruit;whole milk;butter milk;cream cheese ;domestic eggs;rolls/buns;brown bread}"
"1694","{citrus fruit;tropical fruit;grapes;dessert;cream cheese ;rolls/buns;bottled water;fruit/vegetable juice}"
"1695","{hamburger meat;pip fruit;other vegetables;butter;cream cheese ;mayonnaise;domestic eggs;pastry;rice;margarine;canned fruit;canned fish;coffee;tea;candles}"
"1696","{other vegetables;whole milk;curd;spread cheese;curd cheese;rolls/buns;brown bread;Instant food products;coffee}"
"1697","{nuts/prunes;rolls/buns;soda}"
"1698","{ham;beef;other vegetables;newspapers}"
"1699","{ham;rolls/buns}"
"1700","{butter;bottled beer;liquor}"
"1701","{napkins}"
"1702","{beef;root vegetables;margarine;bottled water;soda}"
"1703","{frankfurter;hamburger meat}"
"1704","{meat;citrus fruit;other vegetables;canned beer}"
"1705","{whole milk;curd;mayonnaise;pastry;flour;canned fish;waffles}"
"1706","{sausage;other vegetables;rolls/buns;soda}"
"1707","{sausage;other vegetables}"
"1708","{rolls/buns;soda}"
"1709","{root vegetables;white bread;sugar;liquor}"
"1710","{sausage;root vegetables;whole milk;butter;misc. beverages}"
"1711","{sausage;root vegetables;other vegetables;whole milk;curd;yogurt;hard cheese;white bread}"
"1712","{meat;pork;onions;salad dressing;domestic eggs;white bread;flour;salt;bottled beer}"
"1713","{sausage;whole milk;yogurt;pastry;pudding powder;bottled water;soda;bottled beer;canned beer;male cosmetics;flower (seeds)}"
"1714","{citrus fruit}"
"1715","{chocolate;candy}"
"1716","{coffee}"
"1717","{sausage;tropical fruit;pip fruit;other vegetables;whole milk;curd;dessert;yogurt;whipped/sour cream;cream cheese ;brown bread;detergent}"
"1718","{beef;citrus fruit;tropical fruit;pip fruit;dessert;cream cheese ;rolls/buns;chocolate}"
"1719","{berries;other vegetables;butter milk;yogurt;sliced cheese;rolls/buns;soda}"
"1720","{frozen meals;oil;bottled water;bottled beer;flower (seeds)}"
"1721","{beef;herbs;whole milk}"
"1722","{sausage;meat;root vegetables;other vegetables;whole milk;butter milk;yogurt;pastry;waffles}"
"1723","{rolls/buns}"
"1724","{frankfurter;rolls/buns;fruit/vegetable juice}"
"1725","{sausage;pork;whole milk;yogurt;rolls/buns;brown bread;napkins;shopping bags}"
"1726","{pip fruit;whole milk;whipped/sour cream;baking powder}"
"1727","{grapes;whole milk;baking powder;candles;photo/film}"
"1728","{chocolate marshmallow}"
"1729","{coffee}"
"1730","{soda;white wine}"
"1731","{bottled beer;liquor;red/blush wine}"
"1732","{butter;cleaner}"
"1733","{fruit/vegetable juice;nut snack}"
"1734","{meat;specialty bar}"
"1735","{pip fruit;butter;curd;chocolate}"
"1736","{other vegetables;domestic eggs}"
"1737","{frankfurter;white bread;pastry;dog food;soda;shopping bags}"
"1738","{long life bakery product}"
"1739","{tropical fruit;whole milk;sliced cheese;mayonnaise;rolls/buns;mustard}"
"1740","{whole milk;white bread;salty snack}"
"1741","{canned beer}"
"1742","{canned beer}"
"1743","{other vegetables;whipped/sour cream;pastry;red/blush wine}"
"1744","{soda}"
"1745","{rolls/buns;soda;specialty bar;candy;newspapers}"
"1746","{bags}"
"1747","{rolls/buns}"
"1748","{dessert;frozen dessert}"
"1749","{canned beer}"
"1750","{butter;domestic eggs;pasta;fruit/vegetable juice;newspapers}"
"1751","{whole milk;butter;yogurt;frozen vegetables;domestic eggs;sugar}"
"1752","{canned beer}"
"1753","{coffee}"
"1754","{chicken;hamburger meat;pip fruit;onions;other vegetables;whole milk;butter;yogurt;whipped/sour cream;white bread;long life bakery product;chocolate}"
"1755","{soda;long life bakery product}"
"1756","{beef;other vegetables;domestic eggs;pastry}"
"1757","{spread cheese;pastry}"
"1758","{citrus fruit;tropical fruit;other vegetables;pot plants}"
"1759","{canned beer}"
"1760","{rolls/buns;soda}"
"1761","{pip fruit;roll products ;pot plants}"
"1762","{pip fruit}"
"1763","{whole milk;baking powder;bottled water;soda;cooking chocolate;candles}"
"1764","{chocolate}"
"1765","{sausage;whole milk;rolls/buns;canned beer}"
"1766","{pip fruit;whole milk}"
"1767","{other vegetables;rolls/buns}"
"1768","{dessert;sliced cheese;hard cheese;white bread;brown bread}"
"1769","{frankfurter}"
"1770","{citrus fruit;other vegetables;butter;candy}"
"1771","{citrus fruit;UHT-milk;napkins}"
"1772","{pip fruit;curd;soda;bottled beer;softener;hygiene articles}"
"1773","{tropical fruit;root vegetables;whole milk;curd;yogurt;frozen vegetables;domestic eggs}"
"1774","{frankfurter;other vegetables;whole milk;yogurt;condensed milk;cream cheese ;rolls/buns;pastry}"
"1775","{pip fruit;other vegetables;butter milk;frozen vegetables;brown bread;soups;sauces;fruit/vegetable juice;long life bakery product;cling film/bags}"
"1776","{canned beer}"
"1777","{pork;citrus fruit;soda;canned beer;chocolate;hygiene articles}"
"1778","{rolls/buns;newspapers}"
"1779","{canned beer}"
"1780","{citrus fruit;tropical fruit;pip fruit;other vegetables}"
"1781","{grapes;whole milk;white wine;dishes;newspapers}"
"1782","{tropical fruit}"
"1783","{frozen fish;hygiene articles;shopping bags}"
"1784","{tropical fruit;pastry;soda}"
"1785","{beverages;pastry}"
"1786","{sausage;pip fruit;whole milk;potato products}"
"1787","{whole milk}"
"1788","{sausage;specialty cheese;misc. beverages;bottled beer}"
"1789","{pork;white bread;pastry;shopping bags}"
"1790","{whole milk;rolls/buns;newspapers}"
"1791","{sausage;whole milk;dessert;spices;bottled beer}"
"1792","{pastry;soda}"
"1793","{soda}"
"1794","{tropical fruit;grapes;whole milk;canned fish;bottled water;fruit/vegetable juice}"
"1795","{whole milk;bottled water;napkins}"
"1796","{canned beer}"
"1797","{pip fruit;whole milk}"
"1798","{turkey;citrus fruit;tropical fruit;pip fruit;berries;root vegetables;herbs;whole milk;butter;frozen vegetables;sauces;pickled vegetables;bottled water;rubbing alcohol;hygiene articles;napkins;flower (seeds)}"
"1799","{yogurt;specialty chocolate;seasonal products}"
"1800","{whipped/sour cream;baking powder}"
"1801","{finished products;tropical fruit;bottled water;popcorn;shopping bags}"
"1802","{sausage;mayonnaise;misc. beverages;candy}"
"1803","{other vegetables;cream cheese ;rolls/buns}"
"1804","{newspapers}"
"1805","{white wine}"
"1806","{sausage;meat;pip fruit;other vegetables;yogurt;rolls/buns;brown bread;bottled water;soda;fruit/vegetable juice;newspapers}"
"1807","{misc. beverages}"
"1808","{yogurt;UHT-milk;soda;red/blush wine;waffles}"
"1809","{beef;frozen fish;rolls/buns;margarine}"
"1810","{other vegetables}"
"1811","{photo/film}"
"1812","{tropical fruit}"
"1813","{sausage;meat;tropical fruit;soda;hygiene articles}"
"1814","{frankfurter;citrus fruit;rolls/buns;flour;long life bakery product}"
"1815","{tropical fruit;pip fruit;root vegetables;whole milk;yogurt;rolls/buns;sweet spreads;cat food;pet care;hygiene articles;shopping bags}"
"1816","{citrus fruit;UHT-milk;zwieback;bottled water;hygiene articles}"
"1817","{pork;bottled water;bottled beer}"
"1818","{soda;house keeping products}"
"1819","{whole milk}"
"1820","{cookware}"
"1821","{butter;rolls/buns;newspapers}"
"1822","{frozen vegetables;sugar;coffee}"
"1823","{chicken;dessert;yogurt;frozen vegetables;domestic eggs;salt;pasta;specialty fat;bottled water;newspapers}"
"1824","{frankfurter;root vegetables;whole milk;butter milk;whipped/sour cream;rolls/buns;pastry;vinegar;coffee;bottled water;dish cleaner;female sanitary products}"
"1825","{tropical fruit;yogurt;processed cheese;rolls/buns;bottled water;soda;misc. beverages;female sanitary products}"
"1826","{root vegetables;whole milk;domestic eggs}"
"1827","{meat;citrus fruit;pip fruit;curd;yogurt;whipped/sour cream;domestic eggs;pastry;flour;fruit/vegetable juice;bottled beer;salty snack;chocolate;cooking chocolate;hygiene articles;napkins;shopping bags}"
"1828","{hamburger meat}"
"1829","{tropical fruit;napkins}"
"1830","{whole milk}"
"1831","{whole milk;dessert;rolls/buns;pastry;newspapers}"
"1832","{hamburger meat;citrus fruit;butter;frozen vegetables;pasta;sweet spreads;coffee}"
"1833","{frankfurter;sausage;curd;whipped/sour cream;frozen vegetables;jam;long life bakery product;candy}"
"1834","{soda;canned beer}"
"1835","{whipped/sour cream;rice;popcorn}"
"1836","{whole milk;butter;yogurt;frozen meals;bottled water;bottled beer;canned beer;chocolate;flower (seeds)}"
"1837","{citrus fruit;root vegetables;other vegetables;salt;bottled water;chewing gum}"
"1838","{pip fruit;coffee}"
"1839","{root vegetables;butter milk;frozen vegetables;pastry;dish cleaner;hygiene articles;napkins}"
"1840","{pip fruit;root vegetables;zwieback;fruit/vegetable juice;pot plants}"
"1841","{onions;other vegetables;whole milk;soups;bottled beer;pot plants}"
"1842","{tropical fruit;grapes;oil;canned vegetables;tea;fruit/vegetable juice;snack products}"
"1843","{other vegetables;brown bread;soda;canned beer;shopping bags}"
"1844","{citrus fruit;rolls/buns;bottled water;red/blush wine;newspapers}"
"1845","{canned beer;shopping bags}"
"1846","{root vegetables;other vegetables;whole milk;curd;cream cheese ;domestic eggs;misc. beverages;napkins}"
"1847","{tropical fruit;pip fruit;whole milk;curd;yogurt;frozen meals}"
"1848","{butter milk}"
"1849","{root vegetables}"
"1850","{pork;whole milk;margarine}"
"1851","{pip fruit;yogurt;ice cream;soda}"
"1852","{canned beer;newspapers}"
"1853","{tropical fruit;whole milk;butter;brown bread}"
"1854","{pork;pip fruit;other vegetables;whole milk;yogurt;frozen fish;flour;sugar;baking powder;long life bakery product;chewing gum}"
"1855","{pip fruit;napkins}"
"1856","{rolls/buns}"
"1857","{meat;organic sausage;whole milk;butter;UHT-milk;frozen vegetables;pickled vegetables;cat food;female sanitary products}"
"1858","{soda}"
"1859","{root vegetables}"
"1860","{root vegetables;red/blush wine}"
"1861","{sausage;butter;pastry;canned beer;shopping bags}"
"1862","{butter;white wine}"
"1863","{sauces;red/blush wine;dish cleaner}"
"1864","{beef;citrus fruit;pip fruit;root vegetables;other vegetables;whipped/sour cream;margarine;canned vegetables;cat food;shopping bags}"
"1865","{ham;pork;butter milk;sweet spreads;shopping bags}"
"1866","{rolls/buns;fruit/vegetable juice}"
"1867","{tropical fruit;rolls/buns}"
"1868","{sausage;tropical fruit;whole milk;curd;butter milk;whipped/sour cream;rolls/buns;softener;house keeping products}"
"1869","{tropical fruit;whole milk;cream cheese ;frozen vegetables;rolls/buns;chocolate;candy;pot plants}"
"1870","{soda}"
"1871","{whole milk;pastry}"
"1872","{pip fruit}"
"1873","{whole milk}"
"1874","{chicken;beef;whole milk;bottled water;newspapers}"
"1875","{root vegetables;other vegetables;whipped/sour cream;canned beer;liquor;shopping bags}"
"1876","{rolls/buns;meat spreads}"
"1877","{butter;whipped/sour cream;domestic eggs;rolls/buns}"
"1878","{tropical fruit;sliced cheese;rolls/buns;napkins;pot plants}"
"1879","{sausage;chicken;beef;root vegetables;other vegetables;curd;yogurt;cream cheese ;ice cream;newspapers}"
"1880","{soda}"
"1881","{rolls/buns;bottled water;soda}"
"1882","{tropical fruit;pip fruit;root vegetables;other vegetables;dessert;whipped/sour cream;sliced cheese;pastry;shopping bags}"
"1883","{tropical fruit;root vegetables;other vegetables;packaged fruit/vegetables;flower (seeds)}"
"1884","{UHT-milk;pastry;coffee;red/blush wine;pot plants}"
"1885","{root vegetables;other vegetables;domestic eggs;sugar;instant coffee;bottled water;soda;bottled beer;red/blush wine;waffles;specialty chocolate}"
"1886","{pip fruit;dessert;rolls/buns;pastry;specialty bar}"
"1887","{whole milk;brown bread;newspapers}"
"1888","{dessert;zwieback}"
"1889","{other vegetables;frozen meals;pasta;canned fish;coffee}"
"1890","{pork;hamburger meat;yogurt;cream cheese ;spread cheese;frozen vegetables;pasta;instant coffee;soda;waffles;specialty bar;seasonal products}"
"1891","{frankfurter;domestic eggs}"
"1892","{whole milk;yogurt;sliced cheese;mayonnaise;rolls/buns;pasta;specialty chocolate}"
"1893","{frankfurter;pork;citrus fruit;pip fruit;other vegetables;whipped/sour cream;UHT-milk;salad dressing;frozen potato products;salty snack;newspapers}"
"1894","{whipped/sour cream;soda}"
"1895","{curd}"
"1896","{other vegetables;whole milk;frozen potato products;rolls/buns;pasta;instant coffee;soda;fruit/vegetable juice;bottled beer;cake bar;seasonal products}"
"1897","{ham;bottled water;soda}"
"1898","{whole milk;curd;rolls/buns;pastry;pasta;margarine}"
"1899","{whole milk;butter;whipped/sour cream;condensed milk;soft cheese;hard cheese;processed cheese;frozen vegetables;detergent}"
"1900","{soda}"
"1901","{margarine}"
"1902","{pip fruit}"
"1903","{other vegetables;packaged fruit/vegetables;frozen dessert;rolls/buns;soda}"
"1904","{whole milk;margarine;pot plants}"
"1905","{pork;tropical fruit;whole milk;rolls/buns;margarine}"
"1906","{sausage;meat;turkey;citrus fruit;tropical fruit;pip fruit;root vegetables;onions;herbs;other vegetables;whole milk;curd;yogurt;whipped/sour cream;soft cheese;cream cheese ;frozen vegetables;brown bread;pastry;semi-finished bread;margarine}"
"1907","{curd;yogurt;frozen vegetables}"
"1908","{canned beer}"
"1909","{napkins}"
"1910","{chewing gum}"
"1911","{ice cream}"
"1912","{bottled water}"
"1913","{liver loaf;pork;citrus fruit;tropical fruit;root vegetables;other vegetables;whole milk;curd;dessert;yogurt;frozen vegetables;brown bread;semi-finished bread;oil;dog food;fruit/vegetable juice}"
"1914","{citrus fruit;tropical fruit;root vegetables;herbs;other vegetables;whole milk;yogurt;bottled water;bottled beer}"
"1915","{chicken;citrus fruit;yogurt;whipped/sour cream;spread cheese;margarine;softener}"
"1916","{citrus fruit;whole milk;sliced cheese;rolls/buns;pastry;roll products ;coffee;bottled water;soda;bottled beer;canned beer;rum;waffles;chocolate}"
"1917","{bottled water;liquor (appetizer);specialty bar}"
"1918","{pip fruit;berries;root vegetables;other vegetables;whole milk;whipped/sour cream}"
"1919","{whole milk;curd;yogurt;frozen vegetables;margarine;ketchup;cereals;canned fish;soda;cling film/bags}"
"1920","{hamburger meat;whole milk;curd;dessert}"
"1921","{turkey;hamburger meat;root vegetables;other vegetables;whole milk;yogurt;hard cheese;cereals;long life bakery product;specialty chocolate;candy;hygiene articles}"
"1922","{ham;beef;tropical fruit;pip fruit;other vegetables;whole milk;dessert;yogurt;whipped/sour cream;soft cheese;frozen potato products;rolls/buns;soda;long life bakery product;chocolate}"
"1923","{citrus fruit;pip fruit;other vegetables;canned vegetables}"
"1924","{sausage;other vegetables;dessert;domestic eggs;pastry;napkins}"
"1925","{yogurt}"
"1926","{butter}"
"1927","{chicken;hamburger meat;whole milk;rolls/buns;flour;margarine;coffee;canned beer;hygiene articles;shopping bags}"
"1928","{beverages;rolls/buns;long life bakery product;shopping bags}"
"1929","{onions;bottled water;soda;canned beer;chewing gum;male cosmetics;napkins;cling film/bags}"
"1930","{bottled beer}"
"1931","{butter;pastry;semi-finished bread;white wine;detergent}"
"1932","{root vegetables;butter;pot plants}"
"1933","{sausage;ham;meat;pork;tropical fruit;pip fruit;grapes;other vegetables;whole milk;butter;whipped/sour cream;frozen meals;frozen fish;ice cream;domestic eggs;pastry;soda;syrup;detergent}"
"1934","{ham;whole milk;spread cheese;rolls/buns;waffles;newspapers}"
"1935","{soda;canned beer}"
"1936","{chicken;tropical fruit;whole milk;pastry;soda;long life bakery product;waffles;chocolate}"
"1937","{sausage;pip fruit;whole milk;rolls/buns;flour;oil;soda}"
"1938","{other vegetables;soda}"
"1939","{whole milk;bottled beer}"
"1940","{root vegetables}"
"1941","{chicken;other vegetables;whole milk}"
"1942","{tropical fruit;pip fruit;whole milk;curd;yogurt;frozen vegetables;frozen meals;white bread;instant coffee;misc. beverages;bottled beer;hygiene articles}"
"1943","{pork;root vegetables;brown bread;soda;bottled beer}"
"1944","{tropical fruit;pip fruit;root vegetables;whole milk;yogurt;beverages;domestic eggs;white bread;sweet spreads;soda}"
"1945","{chicken;napkins}"
"1946","{other vegetables;curd;pastry;Instant food products;salty snack;cake bar;chewing gum;napkins}"
"1947","{whipped/sour cream;female sanitary products}"
"1948","{whole milk;whipped/sour cream}"
"1949","{root vegetables;other vegetables;whole milk;bottled water;bottled beer}"
"1950","{sausage;berries;whole milk;yogurt;domestic eggs}"
"1951","{frozen vegetables}"
"1952","{beef;whole milk;butter;rolls/buns;cat food;bottled beer}"
"1953","{root vegetables;whole milk;yogurt}"
"1954","{rolls/buns;brown bread;bottled water}"
"1955","{canned beer;specialty chocolate}"
"1956","{sweet spreads;coffee;chocolate;seasonal products}"
"1957","{beef;pot plants}"
"1958","{frozen vegetables;frozen meals}"
"1959","{bottled water;specialty chocolate}"
"1960","{domestic eggs}"
"1961","{ice cream;sugar;napkins;dishes}"
"1962","{ice cream;roll products ;Instant food products;coffee;candles}"
"1963","{butter;whipped/sour cream;brown bread;pastry;canned vegetables;fruit/vegetable juice;long life bakery product}"
"1964","{sausage}"
"1965","{ham;tropical fruit;specialty cheese;long life bakery product;hygiene articles;newspapers}"
"1966","{citrus fruit;pip fruit;other vegetables;whole milk;butter;cream cheese ;domestic eggs;vinegar;fruit/vegetable juice;softener;napkins}"
"1967","{red/blush wine}"
"1968","{butter;margarine}"
"1969","{whole milk;bottled water;fruit/vegetable juice}"
"1970","{hard cheese;newspapers}"
"1971","{hygiene articles}"
"1972","{soups;soda;shopping bags}"
"1973","{pastry;soda}"
"1974","{onions;rolls/buns}"
"1975","{ice cream;soda;fruit/vegetable juice}"
"1976","{herbs}"
"1977","{citrus fruit;pip fruit;curd;artif. sweetener;dog food;coffee}"
"1978","{white bread;soda;bottled beer}"
"1979","{pip fruit;root vegetables;sugar;coffee;bottled beer}"
"1980","{misc. beverages;cake bar}"
"1981","{ice cream;soda;bottled beer;salty snack}"
"1982","{pot plants}"
"1983","{beef;tropical fruit;frozen vegetables;pickled vegetables;bottled water;soda}"
"1984","{canned beer}"
"1985","{cat food;chocolate;specialty chocolate}"
"1986","{whipped/sour cream}"
"1987","{shopping bags}"
"1988","{berries;other vegetables;yogurt}"
"1989","{whole milk;pot plants}"
"1990","{root vegetables;domestic eggs}"
"1991","{pork;pip fruit;other vegetables;whole milk;yogurt;ketchup;pickled vegetables;soda;detergent}"
"1992","{sausage;pork;fish;citrus fruit;berries;whipped/sour cream;soda;fruit/vegetable juice;bathroom cleaner;soap}"
"1993","{bottled water}"
"1994","{ice cream;bottled water}"
"1995","{berries;root vegetables;whole milk;dessert;yogurt;whipped/sour cream;cream cheese ;semi-finished bread;canned fruit;fruit/vegetable juice}"
"1996","{bottled beer;shopping bags}"
"1997","{pork;berries;whole milk;dessert;whipped/sour cream;fruit/vegetable juice;candy}"
"1998","{ice cream;soda;specialty chocolate}"
"1999","{curd;yogurt;waffles}"
"2000","{sausage;dessert;soda}"
"2001","{rolls/buns;vinegar;bottled beer}"
"2002","{other vegetables;domestic eggs;soda}"
"2003","{other vegetables;pastry}"
"2004","{root vegetables;canned vegetables;soda;shopping bags}"
"2005","{other vegetables;whole milk;butter;yogurt;cream cheese ;vinegar;pet care;fruit/vegetable juice;cling film/bags}"
"2006","{pastry;salty snack}"
"2007","{other vegetables;brown bread;soda}"
"2008","{other vegetables;frozen vegetables;pastry;specialty bar}"
"2009","{citrus fruit;tropical fruit;whole milk;domestic eggs;pastry;bottled water;salty snack}"
"2010","{white bread}"
"2011","{citrus fruit;berries;onions;other vegetables;condensed milk;soft cheese;oil;pickled vegetables;specialty vegetables;coffee;bottled water;soda;bottled beer;dish cleaner;male cosmetics;cling film/bags}"
"2012","{whole milk}"
"2013","{chocolate;pot plants}"
"2014","{citrus fruit;other vegetables;frozen meals;rice;canned beer;salty snack}"
"2015","{other vegetables;yogurt;fruit/vegetable juice;shopping bags}"
"2016","{sausage;chicken;beef;pip fruit;root vegetables;onions;yogurt;soft cheese;mayonnaise;margarine;jam;sweet spreads;coffee;bottled water;soda;dish cleaner}"
"2017","{root vegetables;frozen meals;white bread;snack products;hygiene articles}"
"2018","{sausage;chicken;pip fruit;berries;other vegetables;dessert;yogurt;frozen vegetables;frozen meals;brown bread;semi-finished bread;ketchup;spices;ready soups;soda;canned beer;popcorn}"
"2019","{pip fruit;vinegar;bottled water;shopping bags}"
"2020","{tropical fruit;berries;yogurt;domestic eggs;brown bread;soda;candy}"
"2021","{pork;other vegetables;whipped/sour cream}"
"2022","{whole milk;yogurt;cream cheese ;oil;pickled vegetables;cat food;misc. beverages;long life bakery product;chocolate;specialty bar;dishes}"
"2023","{mustard;soda;fruit/vegetable juice}"
"2024","{citrus fruit;white bread;ketchup;fruit/vegetable juice;bottled beer;salty snack;popcorn;shopping bags}"
"2025","{whole milk;margarine;bottled water}"
"2026","{root vegetables;curd;dessert;whipped/sour cream;pastry;sauces;coffee;soda;fruit/vegetable juice;newspapers}"
"2027","{citrus fruit;tropical fruit;other vegetables}"
"2028","{UHT-milk}"
"2029","{soda}"
"2030","{tropical fruit;bottled beer}"
"2031","{shopping bags}"
"2032","{bottled beer}"
"2033","{beef;grapes;fruit/vegetable juice}"
"2034","{pip fruit;sugar}"
"2035","{root vegetables;onions;other vegetables;yogurt;frozen meals;vinegar;canned vegetables;soda;salty snack;napkins}"
"2036","{chicken;beef;citrus fruit;whole milk;cream cheese ;domestic eggs;rolls/buns;canned beer;napkins;shopping bags}"
"2037","{bottled water}"
"2038","{flour}"
"2039","{pip fruit;domestic eggs}"
"2040","{whole milk;pastry;fruit/vegetable juice;canned beer;specialty chocolate}"
"2041","{frankfurter;whole milk;bottled water;specialty chocolate;candy}"
"2042","{canned beer}"
"2043","{whole milk;cream cheese ;oil;bottled water;fruit/vegetable juice;pot plants}"
"2044","{canned beer}"
"2045","{butter milk;specialty chocolate}"
"2046","{margarine}"
"2047","{whole milk}"
"2048","{whole milk;ice cream;pastry;coffee;shopping bags}"
"2049","{canned beer;liquor}"
"2050","{salty snack}"
"2051","{root vegetables;onions;whipped/sour cream;UHT-milk;frozen dessert;margarine;syrup}"
"2052","{sausage;citrus fruit;other vegetables;dessert;yogurt;whipped/sour cream;hard cheese;curd cheese;white bread;semi-finished bread;cat food;bottled water;seasonal products;softener;flower soil/fertilizer;flower (seeds)}"
"2053","{brown bread}"
"2054","{other vegetables;dessert;waffles;light bulbs}"
"2055","{sausage;ham;chicken;other vegetables;whole milk;butter;whipped/sour cream;cream cheese }"
"2056","{ham;other vegetables;whole milk;frozen vegetables}"
"2057","{domestic eggs;cat food;bottled water}"
"2058","{sausage;pip fruit;onions;spices;cat food;bottled beer;newspapers}"
"2059","{root vegetables;yogurt;fruit/vegetable juice}"
"2060","{other vegetables;yogurt}"
"2061","{citrus fruit;whole milk;specialty bar;dish cleaner;cling film/bags}"
"2062","{pork;frozen potato products;soda}"
"2063","{onions;dessert;yogurt;domestic eggs;rolls/buns;brown bread;pastry;cat food;bottled water;soda;fruit/vegetable juice;long life bakery product;chocolate;female sanitary products;napkins}"
"2064","{other vegetables;whole milk;yogurt;spices}"
"2065","{chicken;pork;beef;berries;sliced cheese;jam;shopping bags}"
"2066","{pip fruit;margarine}"
"2067","{berries;chewing gum;seasonal products;newspapers}"
"2068","{whole milk;specialty bar}"
"2069","{chicken;canned beer;shopping bags}"
"2070","{pork;onions;pastry;potato products;bottled water}"
"2071","{whole milk;specialty fat;soda}"
"2072","{pork;tropical fruit;berries;whole milk;yogurt;white bread;oil}"
"2073","{cat food;chocolate}"
"2074","{finished products;citrus fruit;yogurt;pastry;soda;waffles;shopping bags}"
"2075","{brown bread;margarine;long life bakery product;flower (seeds)}"
"2076","{berries;dessert;whipped/sour cream;bottled water;soda;fruit/vegetable juice;white wine}"
"2077","{ham;whole milk;domestic eggs;pastry;oil;baking powder;chewing gum;chocolate marshmallow}"
"2078","{fish;brown bread;pet care;napkins}"
"2079","{pastry;canned beer;shopping bags}"
"2080","{sausage;pastry}"
"2081","{whole milk;yogurt;spread cheese;semi-finished bread;baking powder;soda;cake bar;chocolate;specialty bar}"
"2082","{bottled beer}"
"2083","{whole milk;brown bread}"
"2084","{sausage;root vegetables;white bread;roll products ;semi-finished bread;soda;napkins}"
"2085","{soda;chocolate;chocolate marshmallow}"
"2086","{ham;whole milk;dessert;processed cheese;bottled water;soda;fruit/vegetable juice;chocolate}"
"2087","{bottled beer;canned beer}"
"2088","{sausage;ham;whole milk;dessert;margarine;baking powder;bottled water}"
"2089","{sausage;chicken;other vegetables;whole milk;yogurt;cream cheese ;brown bread;soda}"
"2090","{sausage;root vegetables;other vegetables;dessert;yogurt;whipped/sour cream;sliced cheese;domestic eggs;white bread;pastry;bottled water;fruit/vegetable juice;popcorn}"
"2091","{sausage;rolls/buns;white wine}"
"2092","{pork}"
"2093","{root vegetables;yogurt;beverages;domestic eggs;white bread;cat food}"
"2094","{citrus fruit;whole milk;baking powder;cocoa drinks;skin care;shopping bags}"
"2095","{other vegetables}"
"2096","{whole milk;soda}"
"2097","{yogurt;ice cream;white bread;sweet spreads;shopping bags}"
"2098","{UHT-milk;mayonnaise;rolls/buns;pickled vegetables;soda;hygiene articles;shopping bags}"
"2099","{citrus fruit;tropical fruit;pip fruit;other vegetables;rolls/buns;misc. beverages;fruit/vegetable juice}"
"2100","{citrus fruit;pip fruit;whole milk;bottled water}"
"2101","{whole milk;butter milk;whipped/sour cream;ice cream;brown bread;specialty chocolate;candy;dish cleaner}"
"2102","{canned beer}"
"2103","{rolls/buns;sugar;sweet spreads;chewing gum;newspapers}"
"2104","{sausage;rolls/buns;soda}"
"2105","{frozen fish;bottled beer}"
"2106","{other vegetables;whole milk;baking powder;coffee;flower (seeds)}"
"2107","{rolls/buns;soda}"
"2108","{tropical fruit;other vegetables;whole milk;frozen vegetables;pastry;cake bar}"
"2109","{butter milk;hard cheese}"
"2110","{sausage;butter milk;soft cheese;rolls/buns;instant coffee;shopping bags}"
"2111","{pastry;soda}"
"2112","{spread cheese;fruit/vegetable juice}"
"2113","{rolls/buns;sweet spreads;canned fish;chewing gum;newspapers}"
"2114","{frankfurter;onions;candy;detergent}"
"2115","{frankfurter;pip fruit;newspapers}"
"2116","{condensed milk;pastry;coffee;soda;red/blush wine;salty snack;nut snack;long life bakery product;waffles;cookware}"
"2117","{rolls/buns;canned beer}"
"2118","{frankfurter;whole milk;brown bread;cake bar;specialty bar;shopping bags}"
"2119","{rolls/buns;bottled beer}"
"2120","{rolls/buns;white bread;dish cleaner;shopping bags}"
"2121","{other vegetables;whole milk;soda;chocolate}"
"2122","{sausage;tropical fruit;other vegetables;whole milk;yogurt;coffee;shopping bags}"
"2123","{coffee}"
"2124","{pip fruit;other vegetables;whole milk;yogurt;beverages;frozen potato products;rolls/buns;fruit/vegetable juice}"
"2125","{citrus fruit;pip fruit}"
"2126","{flour;bottled water;chocolate;specialty chocolate}"
"2127","{frankfurter;rolls/buns}"
"2128","{soda}"
"2129","{soda}"
"2130","{root vegetables}"
"2131","{pork;whole milk;rolls/buns;artif. sweetener;baking powder;specialty chocolate;house keeping products;newspapers}"
"2132","{frozen vegetables;rolls/buns;pastry}"
"2133","{tropical fruit;other vegetables;whole milk;frozen meals}"
"2134","{citrus fruit;whole milk;whipped/sour cream;rolls/buns;pastry}"
"2135","{frankfurter;beef;other vegetables;rolls/buns}"
"2136","{other vegetables;whole milk;rolls/buns;vinegar;margarine;soda;waffles}"
"2137","{sweet spreads;cat food}"
"2138","{frankfurter;sausage;other vegetables;domestic eggs;ketchup;canned fish;soda;long life bakery product;shopping bags}"
"2139","{pork;beef;other vegetables;hard cheese;cream cheese ;rolls/buns;brown bread;napkins}"
"2140","{sausage;ham;finished products;frozen meals;salty snack;long life bakery product;waffles;shopping bags}"
"2141","{pip fruit;soda}"
"2142","{bottled beer;canned beer}"
"2143","{beverages}"
"2144","{liver loaf;whole milk;yogurt}"
"2145","{frankfurter;onions;soft cheese;white bread;pastry;salt;chocolate;newspapers;shopping bags}"
"2146","{berries;onions;whipped/sour cream;brown bread;pasta;liquor;dishes}"
"2147","{curd;tidbits;soda}"
"2148","{sausage;whole milk;bottled beer}"
"2149","{onions;whole milk;curd;yogurt;hard cheese;domestic eggs;bottled water;cleaner}"
"2150","{soda}"
"2151","{soda;bottled beer}"
"2152","{chicken;citrus fruit;yogurt;UHT-milk;soft cheese;rolls/buns;margarine;mustard;coffee;kitchen towels;candles}"
"2153","{cream cheese }"
"2154","{bottled water;fruit/vegetable juice}"
"2155","{chocolate}"
"2156","{cream cheese ;white bread;sweet spreads;cat food;coffee;syrup;specialty bar}"
"2157","{whole milk;soda;canned beer;liquor (appetizer);newspapers}"
"2158","{whole milk;domestic eggs;rolls/buns;brown bread;specialty chocolate;shopping bags}"
"2159","{fruit/vegetable juice}"
"2160","{onions;spread cheese}"
"2161","{tropical fruit;other vegetables;yogurt;mayonnaise;mustard;newspapers}"
"2162","{tropical fruit;grapes;other vegetables;bottled beer;popcorn}"
"2163","{pastry}"
"2164","{hamburger meat;semi-finished bread;Instant food products}"
"2165","{frankfurter}"
"2166","{tropical fruit;other vegetables;whole milk;curd;frozen dessert;rolls/buns;margarine;jam}"
"2167","{butter}"
"2168","{rolls/buns;misc. beverages}"
"2169","{sausage;beef;other vegetables;frozen fish;domestic eggs;roll products ;margarine;sugar;baking powder;coffee;kitchen towels;shopping bags}"
"2170","{citrus fruit;tropical fruit;pip fruit;grapes;onions;other vegetables;sliced cheese;cream cheese ;mayonnaise;ice cream;frozen dessert;margarine;mustard;soups;pickled vegetables;coffee;long life bakery product;chocolate;seasonal products;female sanitary products;hygiene articles;cling film/bags}"
"2171","{tropical fruit;other vegetables}"
"2172","{pork;beef;root vegetables;whole milk;pasta;margarine;jam;bottled water}"
"2173","{whole milk}"
"2174","{hamburger meat;rolls/buns}"
"2175","{frankfurter;frozen potato products}"
"2176","{sausage;beef;citrus fruit;sweet spreads;coffee}"
"2177","{other vegetables;bottled beer}"
"2178","{ham;onions;other vegetables;brown bread;margarine}"
"2179","{bottled beer}"
"2180","{pip fruit;soda;cake bar;specialty chocolate}"
"2181","{pasta;vinegar;soda;fruit/vegetable juice;sparkling wine;napkins}"
"2182","{pip fruit;nuts/prunes;curd;frozen dessert;sweet spreads;light bulbs}"
"2183","{pork;dessert;soda;shopping bags}"
"2184","{frankfurter;sausage;other vegetables;hard cheese;rolls/buns}"
"2185","{rolls/buns;rum}"
"2186","{sausage;meat;other vegetables;curd;sliced cheese;domestic eggs;rolls/buns;pastry;cat food;bottled water;soda;newspapers;shopping bags}"
"2187","{tropical fruit;cream cheese ;chocolate}"
"2188","{chicken;hamburger meat;other vegetables}"
"2189","{whole milk;yogurt}"
"2190","{ham}"
"2191","{soda}"
"2192","{chicken;hamburger meat;other vegetables}"
"2193","{canned beer}"
"2194","{pip fruit;pastry}"
"2195","{tropical fruit;pip fruit;whole milk;cream cheese ;frozen dessert;rolls/buns;bottled water;waffles;napkins;dishes}"
"2196","{domestic eggs;rolls/buns}"
"2197","{meat;pork;tropical fruit;whole milk;curd;rolls/buns;cat food;bottled water;soda}"
"2198","{citrus fruit;male cosmetics}"
"2199","{sausage;citrus fruit;pip fruit;root vegetables;herbs;other vegetables;curd;yogurt;soft cheese;cat food;shopping bags}"
"2200","{rolls/buns;tea}"
"2201","{light bulbs}"
"2202","{rolls/buns;newspapers}"
"2203","{meat;tropical fruit;beverages;sweet spreads;shopping bags}"
"2204","{root vegetables;herbs;frozen vegetables;bottled water;shopping bags}"
"2205","{tropical fruit;zwieback;bottled water}"
"2206","{citrus fruit;tropical fruit;pip fruit;berries;bottled water;soda;red/blush wine}"
"2207","{whole milk;beverages;frozen meals;frozen dessert}"
"2208","{margarine;napkins}"
"2209","{hamburger meat;whole milk;ice cream;domestic eggs;white bread;pastry;margarine;sweet spreads;soda;fruit/vegetable juice;syrup;red/blush wine;salty snack;popcorn;shopping bags}"
"2210","{dessert;rolls/buns;bottled water;specialty bar}"
"2211","{beef;whipped/sour cream;napkins}"
"2212","{other vegetables;beverages;domestic eggs;brown bread;pastry;soda;newspapers}"
"2213","{tropical fruit;other vegetables;whole milk;mustard;bottled water}"
"2214","{chicken;beef;citrus fruit;tropical fruit;pip fruit;root vegetables;other vegetables;whole milk;rolls/buns}"
"2215","{brown bread;fruit/vegetable juice;newspapers;shopping bags}"
"2216","{sausage;hamburger meat;whole milk;pastry;shopping bags}"
"2217","{hamburger meat;whole milk;curd;rolls/buns;Instant food products;hygiene articles;napkins}"
"2218","{pork;root vegetables;onions;other vegetables;yogurt;domestic eggs}"
"2219","{sausage;citrus fruit;tropical fruit;pip fruit;flour;baking powder}"
"2220","{soda}"
"2221","{sweet spreads;soda;waffles}"
"2222","{pastry;instant coffee}"
"2223","{other vegetables;whole milk;pastry;flour;margarine;canned fish;long life bakery product;chocolate}"
"2224","{root vegetables;whole milk;yogurt;jam;bottled water;soda;bottled beer;specialty chocolate;hygiene articles}"
"2225","{whipped/sour cream;pastry;canned fish;soda;waffles;dish cleaner;napkins}"
"2226","{whole milk;hard cheese;coffee}"
"2227","{whole milk;whipped/sour cream;specialty cheese;domestic eggs;dog food;soda;chewing gum}"
"2228","{citrus fruit;whole milk;butter;pastry;semi-finished bread;coffee;candy;newspapers;shopping bags}"
"2229","{other vegetables;whipped/sour cream}"
"2230","{pork;root vegetables;sliced cheese;frozen vegetables;frozen potato products;mustard;bottled water;fruit/vegetable juice;napkins;shopping bags}"
"2231","{pip fruit;onions;whole milk}"
"2232","{bottled beer}"
"2233","{other vegetables}"
"2234","{whole milk;curd;yogurt;whipped/sour cream;canned vegetables;soda;shopping bags}"
"2235","{pastry;soda}"
"2236","{sausage;brown bread;meat spreads;canned fish}"
"2237","{sausage;liver loaf;specialty cheese;soda}"
"2238","{salty snack}"
"2239","{dessert}"
"2240","{pork;hamburger meat;herbs;yogurt;hard cheese;brown bread;sweet spreads;soda}"
"2241","{frankfurter;sausage;tropical fruit;whole milk;frozen fish;white wine;chewing gum;newspapers}"
"2242","{butter}"
"2243","{other vegetables;white bread;margarine;canned beer;rum}"
"2244","{liver loaf;rolls/buns;soda}"
"2245","{frankfurter;sausage;hard cheese;soda;nut snack;shopping bags}"
"2246","{whole milk;curd;butter milk;beverages;tidbits;long life bakery product;waffles;dental care}"
"2247","{frankfurter;chicken;brown bread;oil}"
"2248","{root vegetables;bottled water;bottled beer}"
"2249","{soda}"
"2250","{butter;yogurt;whipped/sour cream}"
"2251","{cat food;bottled water;white wine;shopping bags}"
"2252","{chewing gum}"
"2253","{berries;root vegetables;whole milk;whipped/sour cream;shopping bags}"
"2254","{other vegetables}"
"2255","{yogurt;rolls/buns}"
"2256","{tropical fruit;other vegetables;whole milk;fruit/vegetable juice;long life bakery product;shopping bags}"
"2257","{whole milk}"
"2258","{curd;canned beer;waffles;candy}"
"2259","{whole milk;butter;hard cheese;white wine}"
"2260","{bottled water}"
"2261","{soda;chocolate;specialty chocolate}"
"2262","{sausage;ham;citrus fruit;other vegetables;butter;hard cheese;curd cheese;domestic eggs;rolls/buns;brown bread;margarine;soda;candy}"
"2263","{oil;fruit/vegetable juice}"
"2264","{hamburger meat;whole milk;whipped/sour cream}"
"2265","{onions;yogurt;frozen vegetables}"
"2266","{pork;cat food}"
"2267","{pip fruit;yogurt;sliced cheese;frozen vegetables;domestic eggs;pickled vegetables;specialty vegetables;female sanitary products;napkins}"
"2268","{pork;beef;root vegetables;curd;sliced cheese;soda;canned beer}"
"2269","{citrus fruit;pip fruit}"
"2270","{yogurt;pastry}"
"2271","{frankfurter;other vegetables;yogurt;beverages;hard cheese;rolls/buns;canned fish;soda;canned beer;brandy;shopping bags}"
"2272","{frankfurter;ham;pip fruit;domestic eggs}"
"2273","{brown bread}"
"2274","{root vegetables;herbs;other vegetables;yogurt;brandy;salty snack;waffles;skin care;shopping bags}"
"2275","{dish cleaner;napkins}"
"2276","{yogurt;organic products;shopping bags}"
"2277","{sausage;pip fruit;other vegetables;yogurt;mustard;fruit/vegetable juice;shopping bags}"
"2278","{sauces;specialty chocolate}"
"2279","{brown bread;pastry;pasta}"
"2280","{citrus fruit;tropical fruit;whole milk;butter milk;beverages;soda;shopping bags}"
"2281","{cream cheese ;ice cream;white bread;specialty chocolate}"
"2282","{beverages;soft cheese;rolls/buns;sugar;misc. beverages;candy}"
"2283","{curd;whipped/sour cream;pudding powder;candy;flower (seeds);shopping bags}"
"2284","{ice cream;chocolate marshmallow}"
"2285","{hard cheese;soda}"
"2286","{detergent;decalcifier;hygiene articles}"
"2287","{bottled water;soda;bottled beer;dental care}"
"2288","{soda;specialty bar}"
"2289","{pip fruit;other vegetables;whipped/sour cream;oil}"
"2290","{whole milk;butter milk;yogurt}"
"2291","{waffles}"
"2292","{sausage;other vegetables;dessert;canned vegetables}"
"2293","{chicken;pip fruit;UHT-milk;bottled water;bottled beer;shopping bags}"
"2294","{beverages;rolls/buns}"
"2295","{ice cream;frozen dessert;salty snack}"
"2296","{butter;sliced cheese;misc. beverages;fruit/vegetable juice}"
"2297","{beverages;waffles}"
"2298","{frankfurter;tropical fruit;dessert;rolls/buns;brown bread;seasonal products;flower (seeds)}"
"2299","{detergent}"
"2300","{sausage;citrus fruit;pip fruit;whole milk;curd;domestic eggs;margarine;newspapers}"
"2301","{chicken;other vegetables;whole milk;cream cheese ;hygiene articles}"
"2302","{yogurt;bottled beer;liquor (appetizer);chewing gum}"
"2303","{whole milk;yogurt;oil;bottled water;bottled beer;salty snack;specialty chocolate}"
"2304","{yogurt;bottled water}"
"2305","{whipped/sour cream}"
"2306","{whole milk;yogurt;hard cheese;rolls/buns;bottled water}"
"2307","{citrus fruit;whole milk;butter milk;yogurt;baking powder}"
"2308","{whole milk}"
"2309","{citrus fruit;flour;pasta;margarine;sugar;baking powder;soda}"
"2310","{pork;other vegetables;whole milk;canned fish;coffee;specialty bar;candy}"
"2311","{beverages}"
"2312","{UHT-milk;hygiene articles;cling film/bags;newspapers}"
"2313","{beef;whole milk;frozen vegetables;sweet spreads;candy;dish cleaner;dental care;photo/film}"
"2314","{other vegetables}"
"2315","{whole milk;yogurt;rolls/buns;bottled water}"
"2316","{frankfurter;citrus fruit;tropical fruit;other vegetables;whole milk;candles}"
"2317","{yogurt;rolls/buns;pastry;soda}"
"2318","{canned beer}"
"2319","{canned beer}"
"2320","{other vegetables;yogurt;whipped/sour cream;newspapers}"
"2321","{frankfurter;sausage;other vegetables;brown bread;flour;bottled water;candy}"
"2322","{canned beer}"
"2323","{pork;herbs;other vegetables;processed cheese;cake bar}"
"2324","{frankfurter;whole milk;yogurt;processed cheese;ice cream;frozen dessert;rolls/buns;white bread;brown bread;sugar;coffee;bottled water;soda;bottled beer;candy}"
"2325","{chocolate;specialty bar}"
"2326","{citrus fruit;tropical fruit;fruit/vegetable juice}"
"2327","{specialty fat;sugar;cat food}"
"2328","{spread cheese;rolls/buns;brown bread;soda}"
"2329","{whole milk;beverages;bottled water;cake bar;newspapers}"
"2330","{whole milk;pastry}"
"2331","{whole milk;pastry}"
"2332","{hygiene articles}"
"2333","{beef;citrus fruit;root vegetables;whole milk;rolls/buns;pastry;coffee;seasonal products}"
"2334","{meat;beef;root vegetables;butter;flour;fruit/vegetable juice;whisky;white wine;napkins}"
"2335","{beef;other vegetables;whole milk;rolls/buns}"
"2336","{pip fruit;whole milk;yogurt}"
"2337","{other vegetables;rolls/buns}"
"2338","{hamburger meat;yogurt;rolls/buns;artif. sweetener;sauces;dish cleaner;dishes}"
"2339","{rolls/buns;specialty chocolate}"
"2340","{instant coffee}"
"2341","{canned beer}"
"2342","{pork;rolls/buns;soda}"
"2343","{pork;beverages;flour;margarine;bottled beer}"
"2344","{tropical fruit;berries;root vegetables;whole milk;yogurt;cream cheese ;rolls/buns;bottled water;soda}"
"2345","{whole milk;cat food;bottled water;napkins}"
"2346","{frankfurter;meat;berries;root vegetables;butter;whipped/sour cream;frozen vegetables;domestic eggs;rolls/buns;oil;specialty fat;spices;baking powder;bottled beer;waffles;napkins}"
"2347","{beverages;processed cheese}"
"2348","{pip fruit;rolls/buns;sugar;sauces;newspapers}"
"2349","{pip fruit;root vegetables;other vegetables;whole milk;yogurt}"
"2350","{frankfurter;sausage;meat;pip fruit;yogurt;rolls/buns;bottled water;soda;newspapers}"
"2351","{sausage;pip fruit;bottled water}"
"2352","{long life bakery product}"
"2353","{bottled water}"
"2354","{beef;root vegetables;other vegetables;whipped/sour cream}"
"2355","{domestic eggs;dish cleaner;hygiene articles}"
"2356","{oil;margarine;bottled water;red/blush wine;waffles}"
"2357","{meat;tropical fruit;pip fruit;other vegetables;butter;pastry}"
"2358","{processed cheese;rolls/buns;soda}"
"2359","{sausage;pork;spread cheese;frozen vegetables;pastry}"
"2360","{citrus fruit;curd}"
"2361","{frozen vegetables}"
"2362","{sausage;rolls/buns;shopping bags}"
"2363","{pastry;candles}"
"2364","{pork;hamburger meat}"
"2365","{berries;other vegetables;whole milk;whipped/sour cream}"
"2366","{whole milk;yogurt;whipped/sour cream;sugar}"
"2367","{ham;rolls/buns}"
"2368","{packaged fruit/vegetables;processed cheese;frozen vegetables;bottled water;fruit/vegetable juice;snack products;candy}"
"2369","{packaged fruit/vegetables}"
"2370","{rolls/buns;canned beer}"
"2371","{whole milk;butter milk;domestic eggs}"
"2372","{whole milk}"
"2373","{sausage;pork;berries;other vegetables;whole milk;rolls/buns;brown bread;roll products ;margarine;sweet spreads;softener}"
"2374","{white bread;flour;oil;sugar;coffee;bottled water;salty snack}"
"2375","{rolls/buns;bottled water}"
"2376","{bottled water}"
"2377","{other vegetables;soda;bottled beer;shopping bags}"
"2378","{frankfurter;rolls/buns;napkins}"
"2379","{frankfurter;rolls/buns;salt;canned beer;newspapers}"
"2380","{frankfurter;butter;rolls/buns;semi-finished bread;misc. beverages;shopping bags}"
"2381","{rolls/buns;pastry;soda}"
"2382","{sausage;coffee;bottled water}"
"2383","{brown bread;bottled water;bottled beer}"
"2384","{UHT-milk;margarine;bottled water;soda}"
"2385","{pip fruit;yogurt}"
"2386","{whole milk;coffee}"
"2387","{processed cheese}"
"2388","{hamburger meat;root vegetables;other vegetables;whole milk;rolls/buns;zwieback;margarine;flower (seeds)}"
"2389","{beef;root vegetables;herbs;curd;rolls/buns;bottled beer}"
"2390","{whole milk;brown bread;bottled beer}"
"2391","{hamburger meat;citrus fruit;other vegetables;whole milk;curd;yogurt;misc. beverages}"
"2392","{pasta;fruit/vegetable juice}"
"2393","{tropical fruit;butter;brown bread}"
"2394","{whole milk;bottled water}"
"2395","{sausage}"
"2396","{rolls/buns;soda;specialty bar}"
"2397","{sliced cheese;rolls/buns;canned beer}"
"2398","{rolls/buns;fruit/vegetable juice;long life bakery product;newspapers}"
"2399","{sausage}"
"2400","{pastry;fruit/vegetable juice}"
"2401","{rolls/buns;soda}"
"2402","{pork;beef;whole milk;condensed milk;domestic eggs;fruit/vegetable juice;sparkling wine;salty snack;waffles}"
"2403","{other vegetables;UHT-milk;rolls/buns;pastry;bottled water;soda}"
"2404","{domestic eggs;soda}"
"2405","{ham;beef;citrus fruit;tropical fruit;cream cheese ;bottled water;newspapers}"
"2406","{soda;canned beer}"
"2407","{specialty chocolate}"
"2408","{pork}"
"2409","{other vegetables}"
"2410","{onions;whole milk;butter;frozen fish}"
"2411","{tropical fruit;rolls/buns;bottled water}"
"2412","{pip fruit;whole milk;curd;whipped/sour cream;salt}"
"2413","{sausage;hamburger meat;tropical fruit;cream cheese ;fruit/vegetable juice}"
"2414","{rolls/buns}"
"2415","{hamburger meat;root vegetables;other vegetables;roll products }"
"2416","{citrus fruit;tropical fruit;pip fruit;pastry;coffee;chocolate}"
"2417","{whole milk;yogurt;frozen potato products;brown bread;napkins}"
"2418","{root vegetables;other vegetables}"
"2419","{chewing gum}"
"2420","{beef;root vegetables}"
"2421","{rolls/buns}"
"2422","{citrus fruit;shopping bags}"
"2423","{snack products;chocolate}"
"2424","{sausage;ham;chicken;turkey;cake bar}"
"2425","{mustard}"
"2426","{sausage;pork;soda}"
"2427","{frozen meals;frozen fish;chocolate}"
"2428","{sausage;citrus fruit;other vegetables;yogurt;hard cheese;pastry;canned vegetables;soda}"
"2429","{spread cheese;rolls/buns}"
"2430","{sausage;rolls/buns;soda}"
"2431","{herbs;whole milk}"
"2432","{tropical fruit;other vegetables}"
"2433","{frankfurter;meat;hamburger meat;citrus fruit;whole milk;cream cheese ;domestic eggs;pastry;dishes}"
"2434","{domestic eggs;margarine;bottled water}"
"2435","{sausage;other vegetables}"
"2436","{citrus fruit;tropical fruit;other vegetables;whole milk;yogurt;specialty cheese}"
"2437","{pip fruit;root vegetables;butter milk;frozen vegetables;rolls/buns;misc. beverages;fruit/vegetable juice;newspapers;pot plants}"
"2438","{onions;yogurt;flour;sugar;bottled water;fruit/vegetable juice;red/blush wine;hair spray}"
"2439","{frankfurter;domestic eggs;rolls/buns}"
"2440","{shopping bags}"
"2441","{bottled beer}"
"2442","{frankfurter;root vegetables;onions;condensed milk;mayonnaise;frozen vegetables;Instant food products}"
"2443","{whole milk;spread cheese}"
"2444","{soda;hygiene articles;napkins}"
"2445","{beef;herbs;other vegetables;whole milk;dessert;yogurt;whipped/sour cream;mayonnaise;domestic eggs;brown bread;sweet spreads;cat food;soda;fruit/vegetable juice}"
"2446","{bottled water;chocolate}"
"2447","{sausage}"
"2448","{ice cream}"
"2449","{tropical fruit;cat food;bottled water;soda;bottled beer;white wine;hygiene articles}"
"2450","{whole milk;frozen vegetables}"
"2451","{yogurt;pastry;canned beer;red/blush wine}"
"2452","{herbs;misc. beverages;shopping bags}"
"2453","{whole milk;tea;bottled beer;napkins;cling film/bags}"
"2454","{meat;curd;white bread}"
"2455","{frankfurter;pip fruit;other vegetables;whole milk;butter;yogurt;fruit/vegetable juice;shopping bags}"
"2456","{citrus fruit;whole milk;yogurt;softener;hygiene articles}"
"2457","{canned beer;candy}"
"2458","{chicken;soda;canned beer;liquor (appetizer);newspapers}"
"2459","{yogurt;waffles}"
"2460","{beef;yogurt;spread cheese;margarine;salty snack}"
"2461","{whipped/sour cream;candy}"
"2462","{pip fruit;root vegetables;whole milk;whipped/sour cream;processed cheese;white bread;flour;fruit/vegetable juice;napkins}"
"2463","{frankfurter;whole milk;rolls/buns;pastry;soda;specialty chocolate}"
"2464","{soda}"
"2465","{pip fruit;yogurt;bottled water;canned beer;chewing gum;napkins}"
"2466","{citrus fruit;tropical fruit;whipped/sour cream;rolls/buns;candy;newspapers}"
"2467","{whole milk}"
"2468","{root vegetables;onions;other vegetables;whole milk;whipped/sour cream;specialty cheese;frozen meals;rolls/buns;white bread;pastry;canned vegetables;sweet spreads}"
"2469","{sausage;whipped/sour cream;white bread;baking powder}"
"2470","{liver loaf;ham;pip fruit;root vegetables;other vegetables;whole milk;curd;dessert;butter milk;yogurt;mayonnaise;white bread;pastry;rice;sugar;pet care;coffee;soda;fruit/vegetable juice;salty snack;long life bakery product;napkins}"
"2471","{soda}"
"2472","{root vegetables;liquor;shopping bags}"
"2473","{other vegetables;cream cheese ;white bread;jam;coffee;bottled water;soda;fruit/vegetable juice;canned beer;red/blush wine;cling film/bags}"
"2474","{tropical fruit;whole milk;spread cheese;cat food;coffee;bottled water;soda;misc. beverages;fruit/vegetable juice;shopping bags}"
"2475","{butter;oil;cling film/bags}"
"2476","{sausage;pip fruit;hard cheese;rolls/buns;soda}"
"2477","{butter}"
"2478","{whole milk;brown bread;chocolate;house keeping products;newspapers}"
"2479","{other vegetables;whole milk;whipped/sour cream;specialty cheese;white bread;cat food;bottled water}"
"2480","{whole milk;yogurt;pastry;soda;misc. beverages;shopping bags}"
"2481","{white bread}"
"2482","{pork}"
"2483","{whipped/sour cream;sliced cheese;frozen dessert;hygiene articles;napkins}"
"2484","{yogurt;frozen fish;ice cream}"
"2485","{butter milk;tea;fruit/vegetable juice;bottled beer;red/blush wine;shopping bags}"
"2486","{yogurt;whipped/sour cream;hard cheese;ketchup}"
"2487","{other vegetables;whole milk;coffee}"
"2488","{pastry}"
"2489","{yogurt;rolls/buns;misc. beverages}"
"2490","{citrus fruit;whole milk;butter;yogurt;zwieback;jam;dishes}"
"2491","{condensed milk;coffee}"
"2492","{root vegetables;pastry}"
"2493","{other vegetables;oil}"
"2494","{citrus fruit;rolls/buns;snack products}"
"2495","{frankfurter;photo/film}"
"2496","{sausage}"
"2497","{other vegetables}"
"2498","{herbs}"
"2499","{ham;pip fruit;other vegetables;cream cheese ;pastry;bottled beer}"
"2500","{root vegetables;yogurt;beverages;flour}"
"2501","{soda}"
"2502","{sausage;beef;hamburger meat;yogurt;soft cheese;cream cheese ;domestic eggs;rolls/buns;pastry;instant coffee}"
"2503","{frankfurter;pip fruit;frozen vegetables;fruit/vegetable juice;nut snack}"
"2504","{bottled water}"
"2505","{meat;citrus fruit;whole milk;spread cheese}"
"2506","{ham;root vegetables;butter;bottled water;white wine}"
"2507","{sugar;canned beer}"
"2508","{chicken;citrus fruit;tropical fruit;root vegetables;other vegetables;whole milk}"
"2509","{UHT-milk;domestic eggs;sugar;fruit/vegetable juice;newspapers}"
"2510","{beef;yogurt;rolls/buns;cat food;napkins;dishes;newspapers}"
"2511","{ham;domestic eggs;brown bread;bottled water;chocolate marshmallow;seasonal products;napkins;newspapers}"
"2512","{rolls/buns;zwieback;chocolate marshmallow;dishes}"
"2513","{citrus fruit;yogurt;pastry;salt;margarine;specialty fat;cat food;specialty bar;dish cleaner}"
"2514","{citrus fruit;tropical fruit;whole milk;yogurt;rolls/buns;pastry;semi-finished bread;bottled beer;napkins}"
"2515","{cat food;coffee}"
"2516","{hard cheese;honey;candy}"
"2517","{frankfurter;other vegetables;whole milk;yogurt;cream cheese ;rolls/buns;pastry;coffee}"
"2518","{bottled beer}"
"2519","{yogurt;spread cheese;rolls/buns;soda;canned beer;shopping bags}"
"2520","{frankfurter;sausage;chicken;other vegetables;frozen meals;salt;sugar;soups;coffee;chewing gum;male cosmetics;hygiene articles;napkins;light bulbs}"
"2521","{rolls/buns;soda;newspapers}"
"2522","{whole milk;beverages;bottled water;soda;cake bar;newspapers}"
"2523","{meat;beef;onions;white wine;dishes}"
"2524","{curd;napkins}"
"2525","{beverages;white bread;pastry;newspapers;shopping bags}"
"2526","{frankfurter;whole milk;UHT-milk;hard cheese;mayonnaise;rolls/buns;brown bread;margarine;newspapers}"
"2527","{sausage;pork;beef;root vegetables;butter;yogurt;spread cheese;rolls/buns;brown bread;pastry;oil;canned fish}"
"2528","{sausage;pip fruit;whole milk;rolls/buns;soda;chewing gum;shopping bags}"
"2529","{meat;other vegetables}"
"2530","{sausage;tropical fruit;pip fruit;rolls/buns;pastry;margarine}"
"2531","{whole milk;rolls/buns;pastry}"
"2532","{canned beer}"
"2533","{frankfurter;citrus fruit;tropical fruit;pip fruit;other vegetables;whole milk;curd;yogurt;whipped/sour cream;domestic eggs;sugar;bottled water;salty snack;candy;hygiene articles}"
"2534","{long life bakery product}"
"2535","{pork;butter;hard cheese;cream cheese }"
"2536","{pip fruit;other vegetables;whole milk;butter;curd;rolls/buns;margarine;baking powder;bottled water;bottled beer;canned beer;cooking chocolate;napkins}"
"2537","{bottled beer}"
"2538","{pork;tropical fruit;root vegetables;onions;other vegetables;shopping bags}"
"2539","{bottled water;white wine;newspapers}"
"2540","{whole milk;domestic eggs;brown bread;photo/film}"
"2541","{curd;dessert;soda;fruit/vegetable juice;candy;hygiene articles;shopping bags}"
"2542","{tropical fruit;pip fruit;UHT-milk;rolls/buns;pastry;salt}"
"2543","{pip fruit;other vegetables;whole milk;yogurt;brown bread;pastry}"
"2544","{chicken;beef;tropical fruit;root vegetables;onions;other vegetables;pickled vegetables;canned fish;bottled water;misc. beverages;fruit/vegetable juice;napkins}"
"2545","{whole milk;newspapers}"
"2546","{citrus fruit;other vegetables;yogurt;spread cheese;rolls/buns;soda;chocolate;newspapers}"
"2547","{canned beer}"
"2548","{pip fruit;nuts/prunes;root vegetables;condensed milk;rolls/buns;pickled vegetables;coffee;canned beer;liquor (appetizer)}"
"2549","{photo/film}"
"2550","{root vegetables;other vegetables;frozen vegetables}"
"2551","{frankfurter;tropical fruit;root vegetables;whole milk;butter;curd;yogurt}"
"2552","{yogurt;white wine;red/blush wine}"
"2553","{UHT-milk;ice cream;domestic eggs;oil;soda;cling film/bags}"
"2554","{organic sausage;chicken;citrus fruit;grapes;other vegetables;butter;yogurt;whipped/sour cream;rolls/buns;seasonal products;hygiene articles}"
"2555","{whole milk;whipped/sour cream}"
"2556","{meat;root vegetables;whole milk;newspapers}"
"2557","{pork}"
"2558","{coffee}"
"2559","{soft cheese;hard cheese;bottled water;soda;liquor (appetizer);waffles;chocolate;candles}"
"2560","{sausage;other vegetables;yogurt;mayonnaise;rolls/buns;bottled water;soda;canned beer;shopping bags}"
"2561","{sausage;citrus fruit;pip fruit;whole milk;cream cheese ;tidbits;domestic eggs;pastry;sugar;fruit/vegetable juice;chocolate;chocolate marshmallow}"
"2562","{finished products;misc. beverages}"
"2563","{whole milk;frozen meals;rolls/buns;margarine}"
"2564","{curd;yogurt}"
"2565","{coffee;fruit/vegetable juice}"
"2566","{tropical fruit;herbs;whole milk;yogurt;whipped/sour cream;soda}"
"2567","{soda}"
"2568","{whole milk;curd;brown bread}"
"2569","{bottled beer}"
"2570","{oil}"
"2571","{hamburger meat;tropical fruit}"
"2572","{yogurt;rolls/buns;meat spreads;soda}"
"2573","{pork;citrus fruit}"
"2574","{frankfurter;pip fruit;root vegetables;other vegetables;whole milk;soft cheese;cream cheese ;frozen vegetables;salt;specialty fat;sugar;jam;canned fish;coffee;fruit/vegetable juice;long life bakery product;waffles;chocolate;shopping bags}"
"2575","{sausage;soda;liquor (appetizer);shopping bags}"
"2576","{canned beer}"
"2577","{frankfurter;root vegetables;whole milk;frozen vegetables;coffee;soda;long life bakery product;napkins;house keeping products;newspapers;shopping bags}"
"2578","{beef;citrus fruit;whole milk}"
"2579","{yogurt;UHT-milk;rolls/buns;candles}"
"2580","{long life bakery product}"
"2581","{other vegetables;butter;yogurt;rolls/buns;pastry;margarine}"
"2582","{pastry}"
"2583","{sausage;citrus fruit;whole milk;yogurt;beverages;pasta;waffles;specialty chocolate}"
"2584","{canned beer}"
"2585","{sausage;citrus fruit;other vegetables;hard cheese;cream cheese ;frozen dessert;artif. sweetener;coffee;cling film/bags;newspapers}"
"2586","{canned beer}"
"2587","{finished products;soda;specialty chocolate}"
"2588","{other vegetables;whole milk;yogurt;specialty cheese;bottled water;misc. beverages;fruit/vegetable juice}"
"2589","{pork;other vegetables;rolls/buns}"
"2590","{beef;root vegetables;other vegetables;whole milk;domestic eggs;hygiene articles}"
"2591","{specialty bar}"
"2592","{canned beer}"
"2593","{bottled beer}"
"2594","{ham;citrus fruit;root vegetables;whipped/sour cream;canned beer;napkins}"
"2595","{tropical fruit;whole milk}"
"2596","{chicken;sugar;photo/film}"
"2597","{pork;hamburger meat;pip fruit;herbs;other vegetables;whole milk;butter;sliced cheese;processed cheese;rolls/buns;pastry;roll products ;margarine}"
"2598","{yogurt}"
"2599","{chicken;other vegetables;bottled water;chewing gum;softener}"
"2600","{sausage;ham;pip fruit;whole milk;butter milk;yogurt;hard cheese;spread cheese;rolls/buns;pastry;margarine;salty snack;shopping bags}"
"2601","{hard cheese;white bread;brown bread}"
"2602","{long life bakery product}"
"2603","{chicken}"
"2604","{frankfurter;beef;citrus fruit;whole milk;rolls/buns;semi-finished bread;coffee;bottled beer}"
"2605","{pastry;mustard;bottled beer}"
"2606","{shopping bags}"
"2607","{tropical fruit;rolls/buns;pastry}"
"2608","{frozen meals;rolls/buns;bottled beer}"
"2609","{whole milk}"
"2610","{pork;sugar;newspapers}"
"2611","{hamburger meat;pip fruit;whole milk;hard cheese;chocolate}"
"2612","{other vegetables;pastry;candy;napkins}"
"2613","{domestic eggs;rolls/buns}"
"2614","{hamburger meat;hard cheese;frozen vegetables;soda}"
"2615","{berries;root vegetables;whole milk;curd;frozen fish;domestic eggs;rolls/buns}"
"2616","{pastry;soda}"
"2617","{sausage;yogurt;rolls/buns;soda}"
"2618","{frozen vegetables}"
"2619","{dessert;rolls/buns;sugar;bottled water}"
"2620","{pip fruit;whole milk;domestic eggs}"
"2621","{liver loaf;beef;onions;specialty chocolate;napkins;shopping bags}"
"2622","{root vegetables;whole milk;rolls/buns;specialty chocolate}"
"2623","{root vegetables;yogurt;pastry}"
"2624","{other vegetables;rolls/buns;soda}"
"2625","{chicken;pip fruit;whole milk;pastry;coffee}"
"2626","{rolls/buns}"
"2627","{butter milk;canned fish}"
"2628","{butter milk;soft cheese;rolls/buns}"
"2629","{onions;other vegetables;specialty cheese}"
"2630","{ham;hamburger meat;other vegetables;whole milk;curd;mayonnaise;domestic eggs;rolls/buns;margarine}"
"2631","{coffee}"
"2632","{chicken;other vegetables;whole milk;yogurt;frozen vegetables;coffee;bottled beer;red/blush wine}"
"2633","{whole milk;curd;dessert;shopping bags}"
"2634","{frankfurter;hamburger meat;tropical fruit;root vegetables;domestic eggs;Instant food products;detergent}"
"2635","{citrus fruit;pip fruit;whole milk;curd;whipped/sour cream;bottled water;bottled beer;specialty chocolate;shopping bags}"
"2636","{tropical fruit;whole milk;cat food;popcorn;specialty bar}"
"2637","{citrus fruit;other vegetables;butter;brown bread;baking powder;bottled water;soda}"
"2638","{whole milk}"
"2639","{canned beer}"
"2640","{canned beer}"
"2641","{citrus fruit;rolls/buns;pastry;soda;pot plants;shopping bags}"
"2642","{chicken;onions;other vegetables;whole milk;frozen fish;brown bread;soda;white wine}"
"2643","{canned beer}"
"2644","{sugar;bottled water;white wine}"
"2645","{pork;tropical fruit;whole milk;curd;frozen meals;domestic eggs;margarine;pickled vegetables;soda;bottled beer;pot plants}"
"2646","{rolls/buns;soda;waffles;chewing gum}"
"2647","{whole milk;frozen vegetables;rolls/buns;pastry;kitchen towels;newspapers}"
"2648","{rolls/buns;brown bread;fruit/vegetable juice;newspapers}"
"2649","{mayonnaise;rolls/buns}"
"2650","{rolls/buns}"
"2651","{pork;frozen vegetables;pastry;misc. beverages}"
"2652","{citrus fruit;other vegetables;whole milk;flour}"
"2653","{beverages}"
"2654","{napkins}"
"2655","{canned beer}"
"2656","{soda;chewing gum;newspapers;photo/film}"
"2657","{bottled beer;liquor (appetizer);dishes}"
"2658","{sausage;pork;beef;hamburger meat;grapes;root vegetables;other vegetables;dessert;rolls/buns;dog food;napkins}"
"2659","{sausage;bottled beer;dish cleaner}"
"2660","{rolls/buns;canned beer}"
"2661","{tropical fruit;grapes;UHT-milk;pickled vegetables;jam;coffee;salty snack}"
"2662","{frankfurter;pork;root vegetables;whole milk;yogurt;frozen fish;soda}"
"2663","{sausage;citrus fruit;berries;other vegetables;hard cheese;rolls/buns;bottled water}"
"2664","{sausage;butter milk;rolls/buns;bottled water;soda;canned beer;shopping bags}"
"2665","{whole milk;rolls/buns}"
"2666","{root vegetables;herbs;whole milk;butter milk;cream cheese ;waffles;napkins;newspapers}"
"2667","{sausage;rolls/buns;brandy}"
"2668","{root vegetables;other vegetables;whole milk;butter;mustard;bottled water;flower (seeds)}"
"2669","{tropical fruit;candy}"
"2670","{hamburger meat;fruit/vegetable juice;canned beer;white wine}"
"2671","{meat;whole milk;yogurt;soda;male cosmetics}"
"2672","{soda}"
"2673","{frankfurter;white bread;margarine;shopping bags}"
"2674","{other vegetables}"
"2675","{whole milk;fruit/vegetable juice}"
"2676","{pastry;newspapers}"
"2677","{canned beer;salty snack}"
"2678","{canned beer}"
"2679","{condensed milk;coffee}"
"2680","{ham;citrus fruit;tropical fruit;whole milk;yogurt;whipped/sour cream;soda}"
"2681","{cream cheese }"
"2682","{pork;root vegetables;onions;other vegetables;margarine;sugar;spices}"
"2683","{pastry;soda}"
"2684","{citrus fruit;pip fruit;root vegetables;onions;herbs;other vegetables;whole milk;butter;processed cheese;frozen vegetables;bottled water;red/blush wine;long life bakery product;chocolate;rubbing alcohol;hygiene articles;napkins}"
"2685","{meat;finished products;white bread;long life bakery product;shopping bags}"
"2686","{soda;fruit/vegetable juice;specialty bar}"
"2687","{yogurt;cream cheese ;rolls/buns;chocolate}"
"2688","{whipped/sour cream;domestic eggs;margarine}"
"2689","{sausage;other vegetables;yogurt;bottled water;soda;canned beer;shopping bags}"
"2690","{canned beer}"
"2691","{root vegetables;other vegetables;photo/film}"
"2692","{pastry;soda}"
"2693","{rolls/buns;coffee;red/blush wine;chewing gum}"
"2694","{rolls/buns}"
"2695","{frankfurter;sausage;pip fruit;other vegetables;rolls/buns;sweet spreads;chocolate}"
"2696","{sausage;yogurt;rolls/buns;pastry;dog food;soda}"
"2697","{liquor}"
"2698","{yogurt;rolls/buns}"
"2699","{frankfurter;rolls/buns;brown bread;shopping bags}"
"2700","{ham;pork;other vegetables;whole milk;frozen vegetables;rolls/buns;rum}"
"2701","{chocolate}"
"2702","{bottled beer;newspapers}"
"2703","{chicken;citrus fruit;tropical fruit;other vegetables;whole milk;whipped/sour cream;rolls/buns;pastry;flour;specialty chocolate}"
"2704","{specialty cheese;hygiene articles;newspapers;shopping bags}"
"2705","{frankfurter;sausage;citrus fruit;root vegetables;other vegetables;whole milk;yogurt;whipped/sour cream;frozen vegetables;white bread;brown bread;pasta;vinegar;soda;salty snack;detergent}"
"2706","{pip fruit;bottled beer}"
"2707","{canned beer}"
"2708","{pork;other vegetables;soda}"
"2709","{canned beer}"
"2710","{beef;root vegetables;other vegetables;whole milk;dessert;yogurt;rolls/buns;margarine;jam;soda;liquor (appetizer);waffles;chocolate marshmallow;candy;bathroom cleaner;light bulbs}"
"2711","{rolls/buns;pastry}"
"2712","{dental care;male cosmetics}"
"2713","{sausage;turkey;beef;citrus fruit;herbs;flour;margarine;Instant food products;bottled water}"
"2714","{rolls/buns;soda}"
"2715","{whole milk;pastry;soda}"
"2716","{beef;tropical fruit;root vegetables;whole milk}"
"2717","{ham;whole milk;domestic eggs;tea;bottled water;bottled beer}"
"2718","{finished products;chicken;pork;beef;hamburger meat;berries;butter;domestic eggs;rolls/buns;brown bread;pastry;flour;Instant food products;soda;salty snack;chocolate;specialty chocolate;hygiene articles;flower (seeds)}"
"2719","{dessert;beverages;ice cream;soda}"
"2720","{rolls/buns;bottled water;bottled beer}"
"2721","{sausage;liver loaf;misc. beverages;fruit/vegetable juice;canned beer;salty snack;shopping bags}"
"2722","{citrus fruit;soda;misc. beverages;canned beer;chocolate;specialty chocolate;candy;shopping bags}"
"2723","{whole milk;frozen vegetables}"
"2724","{whole milk;curd;margarine}"
"2725","{sausage;yogurt;cream}"
"2726","{root vegetables;whole milk;oil;mustard;fruit/vegetable juice;waffles;dishes;shopping bags}"
"2727","{organic sausage;rolls/buns}"
"2728","{pork;tropical fruit;other vegetables;coffee;shopping bags}"
"2729","{dessert;yogurt;rolls/buns;meat spreads;bottled water;soda;chocolate;shopping bags}"
"2730","{canned beer}"
"2731","{citrus fruit;root vegetables;other vegetables;whipped/sour cream;processed cheese;rolls/buns;newspapers}"
"2732","{hamburger meat;root vegetables;frozen vegetables;rolls/buns;brown bread;margarine;soda;fruit/vegetable juice;white wine;kitchen towels;newspapers}"
"2733","{citrus fruit;tropical fruit;pip fruit;grapes;berries;root vegetables;other vegetables;beverages;Instant food products;long life bakery product}"
"2734","{other vegetables}"
"2735","{canned beer}"
"2736","{rolls/buns;canned fruit}"
"2737","{ham;other vegetables;condensed milk;domestic eggs;salty snack}"
"2738","{beverages;waffles}"
"2739","{whole milk;brown bread;pastry}"
"2740","{canned beer}"
"2741","{frankfurter;sausage;whole milk;margarine;sauces;chocolate}"
"2742","{whole milk;frozen dessert;margarine;snack products}"
"2743","{citrus fruit}"
"2744","{frankfurter;pork;herbs;other vegetables;butter;rolls/buns}"
"2745","{frankfurter;sausage;other vegetables;whole milk;butter;curd;dessert;yogurt;brown bread;pastry;waffles;chocolate;dishes}"
"2746","{yogurt;beverages;bottled beer;dishes}"
"2747","{whipped/sour cream;condensed milk;domestic eggs;flour;oil;sugar}"
"2748","{candy}"
"2749","{frankfurter;rolls/buns}"
"2750","{chicken;beef;pip fruit;berries;other vegetables;whole milk;whipped/sour cream;frozen fruits;frozen meals;domestic eggs;salty snack}"
"2751","{sausage;rolls/buns}"
"2752","{brown bread}"
"2753","{pip fruit;other vegetables;whole milk;whipped/sour cream;coffee}"
"2754","{bottled water;long life bakery product}"
"2755","{chicken;UHT-milk;frozen vegetables;ice cream;pickled vegetables;bottled beer;newspapers;shopping bags}"
"2756","{sausage;tropical fruit;other vegetables;butter;sliced cheese;domestic eggs;rolls/buns;brown bread;napkins}"
"2757","{chicken;pork;butter;candles}"
"2758","{pork;yogurt;beverages;frozen vegetables;frozen meals;rolls/buns;potato products;bottled beer;chocolate marshmallow;kitchen towels}"
"2759","{ham;rolls/buns;soda;shopping bags}"
"2760","{citrus fruit;root vegetables;domestic eggs;margarine;dishes}"
"2761","{rolls/buns;pastry;pasta;soda;fruit/vegetable juice;specialty chocolate}"
"2762","{tropical fruit;nuts/prunes;whole milk;whipped/sour cream;waffles;newspapers}"
"2763","{other vegetables;whole milk;whipped/sour cream;condensed milk;rolls/buns;shopping bags}"
"2764","{other vegetables;white bread;newspapers}"
"2765","{photo/film}"
"2766","{pork;tropical fruit;root vegetables;whipped/sour cream;UHT-milk;frozen vegetables;roll products ;oil;bottled water;candy}"
"2767","{pastry;sugar;mustard;chewing gum;shopping bags}"
"2768","{frankfurter}"
"2769","{rolls/buns;soda}"
"2770","{berries;cookware;flower (seeds)}"
"2771","{photo/film;shopping bags}"
"2772","{photo/film}"
"2773","{whole milk;butter;curd;frozen vegetables;bottled water;bottled beer;detergent;pot plants;shopping bags}"
"2774","{waffles}"
"2775","{sausage;sliced cheese;cream cheese ;candy;shopping bags}"
"2776","{hamburger meat;other vegetables;margarine;sugar;baking powder;sweet spreads;fruit/vegetable juice;chewing gum;specialty bar}"
"2777","{canned beer}"
"2778","{other vegetables;specialty cheese}"
"2779","{chicken;whole milk;frozen vegetables;brown bread;sugar;dog food}"
"2780","{ice cream;chewing gum}"
"2781","{pork;tropical fruit;root vegetables;herbs;whole milk;butter;domestic eggs;rolls/buns;baking powder;bottled water;rum;salty snack;chocolate;hygiene articles}"
"2782","{citrus fruit;pip fruit;other vegetables;whole milk;butter;yogurt;salt}"
"2783","{frozen meals;pastry;pasta}"
"2784","{ham;meat;chicken;tropical fruit;berries;soft cheese;specialty cheese;long life bakery product;flower (seeds)}"
"2785","{hamburger meat;hard cheese;pasta;canned vegetables}"
"2786","{soda;misc. beverages;sparkling wine;chewing gum;specialty chocolate;shopping bags}"
"2787","{frankfurter;root vegetables}"
"2788","{canned beer}"
"2789","{frozen meals;soda;shopping bags}"
"2790","{whole milk}"
"2791","{misc. beverages}"
"2792","{canned beer}"
"2793","{root vegetables}"
"2794","{sausage;onions}"
"2795","{canned beer;male cosmetics}"
"2796","{tropical fruit;onions;spread cheese;coffee;canned beer;liquor (appetizer);red/blush wine;dental care;light bulbs;newspapers}"
"2797","{pastry;soda}"
"2798","{sausage;ham;dessert}"
"2799","{canned beer}"
"2800","{soda}"
"2801","{canned beer;newspapers}"
"2802","{cat food;waffles}"
"2803","{sausage;meat;pork;root vegetables;other vegetables;sliced cheese;margarine;cat food;coffee;dental care}"
"2804","{bottled water;soda}"
"2805","{soda;chocolate}"
"2806","{rolls/buns}"
"2807","{pork}"
"2808","{frozen meals}"
"2809","{soda}"
"2810","{pastry;soda}"
"2811","{shopping bags}"
"2812","{brown bread;bottled water}"
"2813","{yogurt}"
"2814","{bottled beer}"
"2815","{pip fruit;whole milk;rolls/buns;pickled vegetables;waffles}"
"2816","{hamburger meat;other vegetables;frozen vegetables;frozen meals;cat food;fruit/vegetable juice}"
"2817","{long life bakery product;pot plants}"
"2818","{ham;whipped/sour cream;beverages;domestic eggs;fruit/vegetable juice}"
"2819","{butter;napkins}"
"2820","{whole milk;seasonal products;shopping bags}"
"2821","{dessert}"
"2822","{photo/film}"
"2823","{bags}"
"2824","{rolls/buns;brown bread}"
"2825","{brown bread;bottled water;soda;fruit/vegetable juice;bottled beer;newspapers;photo/film}"
"2826","{beef;root vegetables;other vegetables;margarine;salty snack;waffles;specialty chocolate;kitchen towels;newspapers}"
"2827","{dessert;soft cheese;rolls/buns}"
"2828","{misc. beverages}"
"2829","{sugar}"
"2830","{sausage;rolls/buns;soda;chocolate}"
"2831","{whole milk;canned fish;newspapers}"
"2832","{sausage;finished products;beverages;domestic eggs;pastry;salty snack}"
"2833","{canned beer}"
"2834","{citrus fruit;tropical fruit;frozen meals;frozen dessert;rolls/buns;misc. beverages}"
"2835","{sausage;bottled beer;liquor;red/blush wine}"
"2836","{whole milk;newspapers}"
"2837","{pip fruit;whole milk;pastry;waffles;cake bar;specialty bar;shopping bags}"
"2838","{frankfurter;bottled beer}"
"2839","{citrus fruit;whole milk}"
"2840","{misc. beverages}"
"2841","{frankfurter;beef;brown bread;margarine;soda;candy}"
"2842","{chocolate;napkins}"
"2843","{ham;tropical fruit;pip fruit;grapes;berries;other vegetables;curd;dessert;yogurt;rolls/buns;margarine;honey;specialty chocolate;detergent;napkins;cling film/bags}"
"2844","{frankfurter;brown bread;bottled beer}"
"2845","{brown bread}"
"2846","{rolls/buns;white bread;waffles}"
"2847","{pip fruit;zwieback;salty snack;cake bar;specialty bar}"
"2848","{sausage;root vegetables;whole milk;rolls/buns;brown bread;margarine;soda;long life bakery product;cake bar}"
"2849","{root vegetables;whole milk;rolls/buns}"
"2850","{pork;brown bread;salt;liquor;shopping bags}"
"2851","{whole milk;yogurt;rolls/buns;waffles;specialty bar}"
"2852","{beverages}"
"2853","{tropical fruit;domestic eggs;newspapers}"
"2854","{specialty chocolate}"
"2855","{pastry}"
"2856","{cat food}"
"2857","{chicken;citrus fruit;root vegetables;other vegetables;beverages;ice cream;rice;Instant food products;sweet spreads;canned fish;soda;fruit/vegetable juice;red/blush wine;newspapers;shopping bags}"
"2858","{bottled beer;liquor;red/blush wine}"
"2859","{whipped/sour cream;candy}"
"2860","{long life bakery product}"
"2861","{beef;root vegetables;white wine;shopping bags}"
"2862","{salty snack}"
"2863","{other vegetables;soda;specialty bar}"
"2864","{meat;citrus fruit;root vegetables;whole milk;dessert;yogurt;waffles;detergent}"
"2865","{fish;rolls/buns;pot plants}"
"2866","{whole milk;sliced cheese;long life bakery product;candy;hair spray}"
"2867","{detergent}"
"2868","{hamburger meat;photo/film}"
"2869","{whole milk;dessert;yogurt;sliced cheese;rolls/buns;soda;seasonal products}"
"2870","{beef}"
"2871","{frozen meals;bottled beer}"
"2872","{pip fruit;yogurt}"
"2873","{yogurt;frozen vegetables;decalcifier}"
"2874","{rolls/buns}"
"2875","{whole milk;frozen meals;pasta;candy}"
"2876","{ham;frozen meals;rolls/buns;canned fish;coffee;instant coffee}"
"2877","{frozen meals}"
"2878","{ice cream;canned fruit;canned beer;shopping bags}"
"2879","{pork;frozen potato products;rolls/buns;margarine;coffee;female sanitary products}"
"2880","{chewing gum}"
"2881","{tropical fruit;root vegetables;other vegetables;butter;dessert;sliced cheese;frozen vegetables;ice cream;frozen dessert;rolls/buns;Instant food products;baking powder;canned fish;fruit/vegetable juice;newspapers;shopping bags}"
"2882","{whole milk;pastry;sugar;soda;hygiene articles}"
"2883","{whole milk;cereals}"
"2884","{bottled water;soda}"
"2885","{sausage;whole milk;rolls/buns}"
"2886","{whole milk;napkins}"
"2887","{whole milk}"
"2888","{whole milk;specialty bar}"
"2889","{pork;tropical fruit;white bread;soda;bottled beer}"
"2890","{curd}"
"2891","{dessert;frozen potato products;specialty chocolate}"
"2892","{waffles}"
"2893","{onions;other vegetables;spread cheese;misc. beverages}"
"2894","{misc. beverages;canned beer}"
"2895","{shopping bags}"
"2896","{white wine}"
"2897","{frankfurter;curd;semi-finished bread}"
"2898","{white bread;canned beer}"
"2899","{pork;beef;other vegetables;curd;whipped/sour cream;specialty cheese;dental care;shopping bags}"
"2900","{other vegetables;whole milk}"
"2901","{pork}"
"2902","{berries;salt;organic products;cat food;soda;bottled beer;female sanitary products}"
"2903","{frankfurter;root vegetables;bottled beer;shopping bags}"
"2904","{root vegetables;whole milk;hard cheese;candy}"
"2905","{finished products;pip fruit;frozen potato products;soda}"
"2906","{bottled water;misc. beverages;bottled beer}"
"2907","{margarine;coffee;instant coffee;soda;canned beer}"
"2908","{soda;shopping bags}"
"2909","{hamburger meat;whole milk;canned vegetables;soda}"
"2910","{root vegetables;onions;other vegetables;whole milk;curd;yogurt;frozen fish;waffles}"
"2911","{root vegetables;onions;other vegetables;curd;whipped/sour cream;pickled vegetables;specialty vegetables}"
"2912","{soda}"
"2913","{canned beer}"
"2914","{frozen fish}"
"2915","{beverages}"
"2916","{pip fruit}"
"2917","{pot plants}"
"2918","{pork;whole milk}"
"2919","{fruit/vegetable juice}"
"2920","{fruit/vegetable juice}"
"2921","{fruit/vegetable juice;salty snack}"
"2922","{tropical fruit}"
"2923","{yogurt;misc. beverages}"
"2924","{canned beer}"
"2925","{canned beer}"
"2926","{cream cheese ;rolls/buns;candy;shopping bags}"
"2927","{bottled water}"
"2928","{sausage;hamburger meat;citrus fruit;other vegetables;dessert;yogurt;frozen meals;frozen potato products;white bread;fruit/vegetable juice;long life bakery product;chocolate;candy;house keeping products}"
"2929","{soda;bottled beer;liquor;red/blush wine}"
"2930","{newspapers}"
"2931","{whole milk;beverages}"
"2932","{pot plants}"
"2933","{yogurt;hard cheese;sugar;bottled beer}"
"2934","{roll products ;misc. beverages}"
"2935","{soft cheese}"
"2936","{frozen meals}"
"2937","{ice cream}"
"2938","{frankfurter;pork;tropical fruit;whole milk;whipped/sour cream;frozen vegetables;frozen fish;margarine;newspapers}"
"2939","{meat;turkey;tropical fruit;root vegetables;onions;other vegetables;whole milk;butter;yogurt;whipped/sour cream;sliced cheese;hard cheese;frozen meals;frozen dessert;domestic eggs;white bread;salt;rice;oil;margarine;mustard;baking powder;dog food;bottled water;fruit/vegetable juice;rum;long life bakery product;chocolate;cooking chocolate}"
"2940","{soda}"
"2941","{butter milk;pastry}"
"2942","{frozen potato products;rolls/buns;oil;bottled water;canned beer;hygiene articles;napkins}"
"2943","{other vegetables;margarine;coffee;canned beer;flower (seeds)}"
"2944","{frankfurter;pork;whole milk;pastry;soda}"
"2945","{misc. beverages;salty snack}"
"2946","{sausage;UHT-milk}"
"2947","{butter;yogurt;rolls/buns;detergent;shopping bags}"
"2948","{frankfurter;pork;beef;hamburger meat;other vegetables;whole milk;butter;curd;yogurt;whipped/sour cream;cream cheese ;frozen vegetables;domestic eggs;rolls/buns;sugar;mustard;ketchup;meat spreads;canned fish;bottled beer;chewing gum;decalcifier;hygiene articles}"
"2949","{bottled water}"
"2950","{kitchen towels}"
"2951","{other vegetables;whole milk;bottled water;soda;fruit/vegetable juice;salty snack;dental care;newspapers}"
"2952","{butter;ice cream;margarine;soda}"
"2953","{sausage;whole milk;domestic eggs;rolls/buns;fruit/vegetable juice;light bulbs}"
"2954","{frankfurter;pork;pip fruit;root vegetables;other vegetables;whole milk;butter milk;yogurt;cream cheese ;rolls/buns;brown bread;soda}"
"2955","{liver loaf;root vegetables;other vegetables;whole milk;frozen vegetables;white wine}"
"2956","{white wine}"
"2957","{frankfurter;tropical fruit;root vegetables;whole milk;curd;dessert;frozen vegetables;pastry;instant coffee;tea;newspapers}"
"2958","{meat}"
"2959","{canned beer}"
"2960","{chicken;soda;liquor;white wine;shopping bags}"
"2961","{other vegetables;hard cheese;processed cheese;cereals;pickled vegetables;long life bakery product;specialty chocolate}"
"2962","{pip fruit;whole milk;dessert;butter milk;rolls/buns;cereals}"
"2963","{other vegetables;whole milk;processed cheese;white bread;soda;newspapers}"
"2964","{yogurt;frozen vegetables}"
"2965","{root vegetables;whole milk;rolls/buns}"
"2966","{shopping bags}"
"2967","{UHT-milk;bottled water;soda}"
"2968","{whole milk;dessert;butter milk}"
"2969","{hamburger meat;pip fruit;other vegetables;whole milk;yogurt;cream cheese ;margarine;sugar;baking powder;meat spreads;bottled water;chewing gum}"
"2970","{frozen vegetables;bottled beer}"
"2971","{root vegetables;other vegetables;whole milk;butter;dessert;frozen meals;frozen fish;rice;bottled water;fruit/vegetable juice;long life bakery product;chocolate}"
"2972","{sausage;other vegetables;whole milk;butter;cat food;salty snack;long life bakery product;waffles;chocolate}"
"2973","{whole milk;rolls/buns;salty snack;chocolate;newspapers}"
"2974","{beef;hamburger meat;tropical fruit;root vegetables;onions;other vegetables;whole milk;butter;yogurt;whipped/sour cream;sliced cheese;mayonnaise;frozen vegetables;frozen potato products;rolls/buns;white bread;rice;oil;specialty fat;specialty vegetables;canned fish;coffee;instant coffee;bottled beer;liquor (appetizer);long life bakery product;chocolate;napkins;house keeping products}"
"2975","{sausage;meat;whole milk;rolls/buns;bottled beer}"
"2976","{pork;beef;packaged fruit/vegetables;pastry}"
"2977","{bottled beer}"
"2978","{salty snack;female sanitary products}"
"2979","{bottled beer}"
"2980","{soda;skin care}"
"2981","{bottled water}"
"2982","{frankfurter;other vegetables;mustard;soda;napkins;light bulbs}"
"2983","{tropical fruit;other vegetables;whole milk;yogurt;rolls/buns;baking powder;long life bakery product;chocolate;newspapers}"
"2984","{canned beer}"
"2985","{chicken;citrus fruit;curd;yogurt;domestic eggs;rolls/buns;spices;bottled water;waffles;chocolate;shopping bags}"
"2986","{citrus fruit;tropical fruit;ice cream}"
"2987","{curd}"
"2988","{citrus fruit;tropical fruit;other vegetables;whole milk;butter;whipped/sour cream;domestic eggs;sugar;salty snack;long life bakery product;napkins;shopping bags}"
"2989","{citrus fruit;tropical fruit;brown bread;napkins}"
"2990","{other vegetables;soda;bottled beer}"
"2991","{bottled water;soda;waffles}"
"2992","{chicken;root vegetables;onions;other vegetables;frozen vegetables;cake bar}"
"2993","{waffles}"
"2994","{curd;cake bar}"
"2995","{oil}"
"2996","{berries;root vegetables;herbs;other vegetables;whole milk;curd;cream cheese ;cereals;long life bakery product;waffles;shopping bags}"
"2997","{frankfurter;hamburger meat;whole milk;cream cheese ;salty snack}"
"2998","{pork;beef;frozen vegetables;frozen meals;potato products;margarine;napkins;cookware}"
"2999","{tropical fruit;root vegetables;whole milk;rolls/buns;bottled water;napkins;dishes}"
"3000","{frankfurter;meat;whole milk;roll products ;flour;pickled vegetables;bottled beer;napkins;shopping bags}"
"3001","{specialty cheese;chewing gum}"
"3002","{pork;root vegetables;onions;bottled water;soda}"
"3003","{citrus fruit;tropical fruit;root vegetables;other vegetables;whole milk;yogurt;sliced cheese;hard cheese;specialty cheese;dog food;bottled water;newspapers}"
"3004","{bottled beer;white wine}"
"3005","{other vegetables;butter milk;rolls/buns;oil;bottled water;fruit/vegetable juice;softener;dishes}"
"3006","{frankfurter;beef;pip fruit;whole milk;yogurt;whipped/sour cream;cream cheese ;frozen vegetables;flour;margarine;canned vegetables;pickled vegetables;coffee;bottled water;soda;misc. beverages;fruit/vegetable juice;salty snack;waffles;pot plants}"
"3007","{canned beer}"
"3008","{citrus fruit;tropical fruit;dessert;condensed milk;margarine}"
"3009","{other vegetables;white bread}"
"3010","{citrus fruit;root vegetables;other vegetables;whole milk;whipped/sour cream;soft cheese;frozen vegetables;white bread;flour;margarine;baking powder;waffles;hygiene articles}"
"3011","{whole milk;cream cheese ;salty snack;candy}"
"3012","{soda;fruit/vegetable juice;cake bar;candy;candles}"
"3013","{other vegetables}"
"3014","{pip fruit}"
"3015","{canned beer}"
"3016","{tropical fruit;other vegetables;whole milk;curd;butter milk;yogurt;whipped/sour cream;cream cheese ;rolls/buns;pastry}"
"3017","{root vegetables;onions;other vegetables;frozen fruits;canned beer}"
"3018","{other vegetables;whole milk;yogurt;rolls/buns;newspapers}"
"3019","{root vegetables;other vegetables;yogurt;rolls/buns;flour}"
"3020","{bottled water}"
"3021","{whole milk}"
"3022","{root vegetables;whole milk;roll products }"
"3023","{tropical fruit;pip fruit;other vegetables;frozen vegetables;ice cream;brown bread;pastry;flour;pickled vegetables;coffee;soda;misc. beverages;fruit/vegetable juice}"
"3024","{butter;curd;dessert;cream cheese ;canned beer;candy;shopping bags}"
"3025","{flower soil/fertilizer}"
"3026","{pasta;soda;snack products;cake bar}"
"3027","{other vegetables;dessert;candy;abrasive cleaner;dishes;cling film/bags;candles}"
"3028","{other vegetables;curd;yogurt;UHT-milk;brown bread;bottled water;newspapers;shopping bags}"
"3029","{beef}"
"3030","{root vegetables}"
"3031","{whole milk;frozen vegetables;coffee}"
"3032","{pork;root vegetables;other vegetables;whole milk;butter;whipped/sour cream;processed cheese;domestic eggs;rolls/buns;white bread;pastry;jam;soda;waffles;candy;napkins}"
"3033","{beef;other vegetables}"
"3034","{specialty bar}"
"3035","{salty snack}"
"3036","{sausage;ham;grapes;other vegetables;bottled water;misc. beverages;brandy;shopping bags}"
"3037","{tropical fruit;frozen meals;rolls/buns;bottled beer;newspapers}"
"3038","{canned beer}"
"3039","{pip fruit;grapes;whole milk;yogurt;spread cheese;brown bread;semi-finished bread;rice;pickled vegetables;bottled beer;newspapers;pot plants}"
"3040","{turkey}"
"3041","{other vegetables}"
"3042","{sausage;beef;citrus fruit;tropical fruit;nuts/prunes;root vegetables;other vegetables;whole milk;mayonnaise;oil;baking powder;pickled vegetables;chocolate;newspapers}"
"3043","{frankfurter;pip fruit;nuts/prunes;onions;specialty cheese;brown bread;soda;fruit/vegetable juice;salty snack;chocolate;male cosmetics;shopping bags}"
"3044","{citrus fruit;whole milk;soft cheese;rice;margarine;sugar;soups;bottled water}"
"3045","{chicken;pork;frozen vegetables;soda}"
"3046","{citrus fruit;tropical fruit;other vegetables;whole milk;butter;yogurt;whipped/sour cream;soft cheese;sliced cheese;hard cheese;roll products ;margarine;soda;misc. beverages;fruit/vegetable juice;chocolate;newspapers}"
"3047","{flour;sugar;cat food;misc. beverages;waffles}"
"3048","{baking powder}"
"3049","{finished products;tropical fruit;pip fruit;other vegetables;whole milk;frozen fish;pastry;canned fish;seasonal products;dental care;hygiene articles;pot plants}"
"3050","{frankfurter;rolls/buns;margarine;soda}"
"3051","{chicken;curd;UHT-milk;cream cheese ;margarine;coffee;salty snack;waffles;dishes}"
"3052","{chicken;other vegetables;whole milk;domestic eggs;oil;margarine;sugar;coffee;bottled beer;specialty bar;candy}"
"3053","{sausage;beef;whole milk;pastry}"
"3054","{beef;other vegetables;margarine;soda}"
"3055","{whole milk;frozen meals;specialty chocolate}"
"3056","{sausage;other vegetables}"
"3057","{other vegetables;pot plants}"
"3058","{onions;roll products }"
"3059","{sausage;root vegetables;onions;herbs;other vegetables;UHT-milk;hard cheese;cream cheese ;frozen vegetables;rolls/buns;bottled water;soda;bottled beer;red/blush wine}"
"3060","{frankfurter;sausage;tropical fruit;oil;spices;pickled vegetables;bottled water;misc. beverages}"
"3061","{zwieback;long life bakery product;dental care}"
"3062","{chicken;tropical fruit;pip fruit;whipped/sour cream;sugar;baking powder;instant coffee;soda}"
"3063","{frankfurter;curd cheese}"
"3064","{whole milk;whipped/sour cream;semi-finished bread;baking powder;pickled vegetables;bottled water;soda;napkins}"
"3065","{frozen fish;brandy}"
"3066","{berries;whole milk;frozen meals;frozen dessert;rolls/buns;soda;shopping bags}"
"3067","{chicken;pork;other vegetables;whole milk;butter;curd;margarine;pickled vegetables;waffles;specialty chocolate;hygiene articles}"
"3068","{onions;yogurt;ice cream}"
"3069","{beef;root vegetables;herbs;packaged fruit/vegetables;whipped/sour cream;cream cheese ;vinegar;oil;margarine;soups;pickled vegetables;meat spreads;canned fish;fruit/vegetable juice;candles}"
"3070","{root vegetables;whole milk;semi-finished bread;cat food;fruit/vegetable juice;canned beer;liquor (appetizer);waffles;hygiene articles;newspapers;shopping bags}"
"3071","{soda}"
"3072","{whole milk;soft cheese;rum}"
"3073","{citrus fruit;butter;dessert;processed cheese;white bread;pickled vegetables;seasonal products;dental care}"
"3074","{sausage;citrus fruit;whole milk;UHT-milk;specialty cheese;frozen vegetables;tea;bottled water;fruit/vegetable juice}"
"3075","{sparkling wine}"
"3076","{UHT-milk;cat food;coffee;bottled beer;white wine;sparkling wine;shopping bags}"
"3077","{soda}"
"3078","{curd;cat food;soda}"
"3079","{whole milk;processed cheese;mayonnaise;margarine;mustard;cat food;coffee;bottled water}"
"3080","{frankfurter;pork;tropical fruit;root vegetables;other vegetables;whole milk;curd;butter milk;yogurt;frozen dessert;chewing gum}"
"3081","{chocolate}"
"3082","{other vegetables;processed cheese;tea}"
"3083","{coffee}"
"3084","{tropical fruit;other vegetables;butter milk;curd cheese;sugar;fruit/vegetable juice;bottled beer;chocolate;candles}"
"3085","{beef;fish;yogurt;pastry;soda;specialty chocolate}"
"3086","{whipped/sour cream;domestic eggs;bottled water;soda}"
"3087","{tropical fruit;pip fruit;other vegetables;butter milk;yogurt;whipped/sour cream;UHT-milk;margarine;sugar;waffles}"
"3088","{UHT-milk;canned beer}"
"3089","{root vegetables;semi-finished bread;specialty bar}"
"3090","{frankfurter;sausage;butter;dessert;spread cheese;white bread;pastry;coffee;waffles}"
"3091","{pip fruit;other vegetables;whole milk;butter milk;yogurt;cream cheese ;pasta;fruit/vegetable juice;dental care;hygiene articles;kitchen towels;photo/film}"
"3092","{pip fruit;soft cheese;tidbits}"
"3093","{whipped/sour cream}"
"3094","{canned beer}"
"3095","{oil}"
"3096","{white bread;bottled beer}"
"3097","{soda;specialty bar}"
"3098","{hygiene articles}"
"3099","{bottled beer}"
"3100","{dessert;yogurt;brown bread;pastry;soda;long life bakery product;cake bar;light bulbs}"
"3101","{cereals;specialty chocolate;pot plants}"
"3102","{canned beer}"
"3103","{frankfurter;soda;shopping bags}"
"3104","{sausage;other vegetables;cream cheese ;domestic eggs;soda}"
"3105","{UHT-milk;cream cheese ;spread cheese;rolls/buns}"
"3106","{misc. beverages;specialty chocolate}"
"3107","{baking powder}"
"3108","{bottled water;soda}"
"3109","{meat;chicken;berries;yogurt;whipped/sour cream;cream cheese ;mayonnaise;brown bread;long life bakery product}"
"3110","{bottled water;bottled beer}"
"3111","{pork;pip fruit}"
"3112","{tropical fruit;pip fruit;soda;white wine}"
"3113","{citrus fruit;pip fruit;root vegetables;other vegetables;butter;UHT-milk;frozen vegetables;pastry;margarine;sugar;soups;soda;bottled beer;long life bakery product;softener}"
"3114","{rolls/buns;soda;canned beer}"
"3115","{meat spreads;specialty bar}"
"3116","{brown bread;bottled water;specialty bar}"
"3117","{bottled water}"
"3118","{frankfurter;UHT-milk;oil;bottled water;canned beer}"
"3119","{pork;citrus fruit;pip fruit;root vegetables;other vegetables;dessert;butter milk;sliced cheese;processed cheese;fruit/vegetable juice;chocolate;shopping bags}"
"3120","{yogurt;hard cheese;rolls/buns;sweet spreads;soda;misc. beverages;specialty chocolate;hygiene articles;napkins}"
"3121","{soda}"
"3122","{canned beer}"
"3123","{pastry}"
"3124","{citrus fruit;herbs;other vegetables;curd}"
"3125","{citrus fruit}"
"3126","{sausage;domestic eggs;pastry;bottled water;newspapers}"
"3127","{decalcifier}"
"3128","{sausage;ham;meat;butter;UHT-milk;mayonnaise;baking powder;bottled water;fruit/vegetable juice}"
"3129","{beef;chocolate}"
"3130","{hamburger meat;ketchup}"
"3131","{mayonnaise;white bread;soda}"
"3132","{fruit/vegetable juice;chewing gum}"
"3133","{finished products;pip fruit;other vegetables;domestic eggs;margarine;bottled beer;newspapers}"
"3134","{chicken;other vegetables;bottled beer;canned beer;sparkling wine;chocolate;newspapers;pot plants}"
"3135","{whole milk;dessert;soda;bottled beer}"
"3136","{ham;root vegetables;other vegetables;dessert;brown bread;pasta;margarine;bottled water;fruit/vegetable juice;red/blush wine}"
"3137","{liquor}"
"3138","{canned beer}"
"3139","{dog food;cling film/bags}"
"3140","{citrus fruit;tropical fruit;yogurt;UHT-milk;domestic eggs;mustard;canned fish}"
"3141","{tropical fruit;dessert;yogurt;domestic eggs;oil;fruit/vegetable juice}"
"3142","{beef;citrus fruit;root vegetables;bottled water;soda;fruit/vegetable juice;pot plants}"
"3143","{photo/film}"
"3144","{chicken;butter;UHT-milk;spread cheese;bottled beer;salty snack;waffles;chewing gum}"
"3145","{sausage;rolls/buns;misc. beverages;fruit/vegetable juice}"
"3146","{whole milk}"
"3147","{meat;other vegetables;white bread;newspapers}"
"3148","{whole milk;rolls/buns;specialty chocolate;candy}"
"3149","{beef;root vegetables;whole milk;butter;yogurt;soda;abrasive cleaner;newspapers}"
"3150","{ham;meat;berries;other vegetables;whole milk;butter;yogurt;processed cheese;specialty cheese;white bread;margarine;specialty bar}"
"3151","{sausage;meat;other vegetables;frozen vegetables;rolls/buns}"
"3152","{sausage;brown bread;roll products ;coffee;dish cleaner}"
"3153","{ham;other vegetables;yogurt;domestic eggs;semi-finished bread;newspapers}"
"3154","{pork;other vegetables;rolls/buns;canned fish;chocolate}"
"3155","{canned beer;specialty bar}"
"3156","{chicken;bottled water;liquor (appetizer)}"
"3157","{beef;hamburger meat;tropical fruit;pip fruit;other vegetables;whole milk;butter milk;yogurt;ice cream;rolls/buns;pastry;fruit/vegetable juice}"
"3158","{yogurt;condensed milk;pet care;house keeping products;shopping bags}"
"3159","{tropical fruit;whole milk;margarine;sugar}"
"3160","{chicken;root vegetables;rolls/buns;margarine;bottled water}"
"3161","{flower soil/fertilizer}"
"3162","{other vegetables;whole milk;waffles}"
"3163","{frozen vegetables;domestic eggs;pastry}"
"3164","{margarine}"
"3165","{meat}"
"3166","{meat;newspapers}"
"3167","{pip fruit;canned beer;white wine}"
"3168","{ham;citrus fruit;tropical fruit;pip fruit;herbs;other vegetables;whole milk;yogurt;spread cheese;brown bread;dog food;fruit/vegetable juice}"
"3169","{beef;whole milk;margarine;salty snack}"
"3170","{other vegetables;bottled water;bottled beer;waffles}"
"3171","{ham;tropical fruit;beverages;hard cheese;waffles;chocolate;specialty chocolate;specialty bar}"
"3172","{yogurt;frozen vegetables;napkins;newspapers;pot plants}"
"3173","{other vegetables;frozen fish;vinegar}"
"3174","{whole milk;domestic eggs;cling film/bags}"
"3175","{root vegetables;UHT-milk;rolls/buns;brown bread;pastry;bottled water}"
"3176","{frankfurter;liver loaf;pip fruit;whole milk;yogurt;beverages;cream cheese ;frozen vegetables;frozen meals;brown bread;pastry;cereals;bottled water;soda;fruit/vegetable juice;kitchen towels}"
"3177","{bottled beer}"
"3178","{hamburger meat;pip fruit;root vegetables;other vegetables;whole milk;curd;domestic eggs;salt;vinegar;oil;margarine;spices;coffee;bottled beer;newspapers}"
"3179","{sausage;packaged fruit/vegetables;whole milk;brown bread;bottled water;newspapers}"
"3180","{chicken;beef;root vegetables;brown bread;margarine;cat food;bottled water;soda}"
"3181","{dishes}"
"3182","{pork;root vegetables;sliced cheese;specialty chocolate;specialty bar;napkins;shopping bags}"
"3183","{frankfurter;chicken;pork;citrus fruit;root vegetables;whole milk;yogurt;brown bread;instant coffee;seasonal products}"
"3184","{napkins}"
"3185","{root vegetables;UHT-milk;soda}"
"3186","{chicken;beef;root vegetables;whole milk;cream cheese ;pet care;newspapers}"
"3187","{frankfurter;rolls/buns}"
"3188","{canned beer}"
"3189","{canned beer}"
"3190","{sausage;ham;grapes;other vegetables;UHT-milk;frozen meals;frozen potato products;rolls/buns;waffles;chocolate;candy}"
"3191","{frankfurter;sausage;pork;sliced cheese;pastry;margarine;newspapers}"
"3192","{bottled water}"
"3193","{other vegetables;whole milk;yogurt;ice cream;flour;margarine;baking powder;pudding powder}"
"3194","{rolls/buns}"
"3195","{frankfurter;pork;citrus fruit;other vegetables;domestic eggs;pastry;ketchup;pickled vegetables;soda;syrup;skin care;newspapers}"
"3196","{sausage;whole milk;UHT-milk;rolls/buns;sugar;canned beer;shopping bags}"
"3197","{frankfurter;chicken;hamburger meat;pip fruit;other vegetables;whole milk;butter;curd;whipped/sour cream;salad dressing;frozen dessert;frozen potato products;pastry;rice}"
"3198","{whole milk;pastry}"
"3199","{beef;citrus fruit;pip fruit;root vegetables;other vegetables;pastry;flour;canned beer;red/blush wine}"
"3200","{canned beer}"
"3201","{frankfurter;margarine;bottled beer}"
"3202","{frozen chicken;salty snack}"
"3203","{pork;whipped/sour cream;ice cream;rolls/buns;bottled water;chocolate;dish cleaner}"
"3204","{tropical fruit;berries;other vegetables;butter;curd;UHT-milk;hard cheese;domestic eggs;rolls/buns}"
"3205","{other vegetables}"
"3206","{coffee;soda}"
"3207","{meat;other vegetables;whole milk;whipped/sour cream;rolls/buns;margarine;soda;shopping bags}"
"3208","{citrus fruit;soft cheese;rolls/buns;pastry}"
"3209","{citrus fruit;tropical fruit;root vegetables;other vegetables;whole milk;whipped/sour cream;curd cheese;frozen vegetables;soups;cat food;chewing gum}"
"3210","{other vegetables;salty snack;dishes;house keeping products}"
"3211","{beef;root vegetables}"
"3212","{dishes}"
"3213","{shopping bags}"
"3214","{tropical fruit;other vegetables;whipped/sour cream;beverages;hard cheese;cream cheese ;flour;sweet spreads;soda;long life bakery product}"
"3215","{hamburger meat;other vegetables;sauces;soda;salty snack;newspapers}"
"3216","{sausage;other vegetables;dessert;pastry;waffles;dish cleaner}"
"3217","{whole milk;curd;semi-finished bread;baking powder;soda}"
"3218","{other vegetables}"
"3219","{ice cream}"
"3220","{turkey;other vegetables;whipped/sour cream;canned vegetables;instant coffee;bottled water;red/blush wine}"
"3221","{pip fruit;berries;other vegetables;whole milk;yogurt;domestic eggs;rolls/buns;pastry;margarine}"
"3222","{chicken;hamburger meat;root vegetables;onions;other vegetables;whole milk;butter;curd;butter milk;frozen vegetables;domestic eggs;oil;canned vegetables;popcorn}"
"3223","{root vegetables;whole milk;yogurt;whipped/sour cream;rolls/buns;baking powder;liqueur}"
"3224","{sausage;meat;rolls/buns;canned beer;popcorn;nut snack;waffles;shopping bags}"
"3225","{pickled vegetables;canned fish;soda;bottled beer;chewing gum;candles}"
"3226","{frankfurter;sausage;packaged fruit/vegetables;condensed milk}"
"3227","{meat;frozen meals;roll products ;bottled beer;long life bakery product}"
"3228","{berries;butter milk;yogurt;pet care;soda;napkins}"
"3229","{chewing gum}"
"3230","{specialty chocolate}"
"3231","{sausage}"
"3232","{butter milk;rolls/buns;long life bakery product}"
"3233","{canned beer}"
"3234","{frankfurter;onions;herbs;other vegetables;yogurt;whipped/sour cream;fruit/vegetable juice}"
"3235","{bottled water;bottled beer}"
"3236","{pork;root vegetables;shopping bags}"
"3237","{bottled beer}"
"3238","{soda}"
"3239","{yogurt;beverages;fruit/vegetable juice;detergent;cleaner}"
"3240","{pet care}"
"3241","{pork;whole milk;sliced cheese}"
"3242","{tropical fruit;berries;other vegetables;whole milk;yogurt;whipped/sour cream;frozen vegetables;coffee;bottled water;soda;salty snack;long life bakery product;specialty bar}"
"3243","{organic sausage;whole milk;yogurt;soft cheese;cream cheese ;fruit/vegetable juice;napkins;shopping bags}"
"3244","{ham;other vegetables;whole milk;butter;yogurt;flour;oil;spices}"
"3245","{sausage;hamburger meat;berries;UHT-milk;cat food;soda;salty snack;napkins}"
"3246","{whole milk;pastry}"
"3247","{frozen fish;canned beer;waffles}"
"3248","{whipped/sour cream}"
"3249","{pork;other vegetables;yogurt;white bread;bottled beer;napkins;shopping bags}"
"3250","{UHT-milk;bottled water;specialty chocolate}"
"3251","{misc. beverages}"
"3252","{specialty chocolate}"
"3253","{sausage}"
"3254","{frozen meals}"
"3255","{specialty chocolate;specialty bar}"
"3256","{whole milk;butter;curd;yogurt;whipped/sour cream;rolls/buns}"
"3257","{whole milk;yogurt;soda;canned beer}"
"3258","{pip fruit;root vegetables;butter;UHT-milk;rolls/buns;coffee;soda;bottled beer;red/blush wine}"
"3259","{frozen meals;soda}"
"3260","{frankfurter;other vegetables;whole milk;spread cheese;sugar;soda;bottled beer;house keeping products}"
"3261","{pip fruit;onions;other vegetables;whole milk;butter;soft cheese;domestic eggs;white bread;margarine;cocoa drinks;bottled water;fruit/vegetable juice;chocolate}"
"3262","{rolls/buns;rice;canned fish;cocoa drinks;bottled beer;red/blush wine;waffles;chocolate}"
"3263","{sausage;ham;other vegetables;whole milk;curd;cream cheese ;processed cheese;frozen potato products;pastry}"
"3264","{pet care;instant coffee;soda;specialty chocolate}"
"3265","{instant coffee}"
"3266","{other vegetables;specialty bar}"
"3267","{herbs;bottled water;napkins}"
"3268","{meat;dessert;UHT-milk;rice;specialty bar;napkins;candles}"
"3269","{pip fruit;root vegetables;other vegetables;dessert;domestic eggs;margarine;cereals;soda;candles}"
"3270","{citrus fruit;soft cheese;domestic eggs;pastry;oil;baking powder;pickled vegetables;dog food;coffee}"
"3271","{sausage;meat;chicken;pip fruit;whole milk;dessert;whipped/sour cream;processed cheese;domestic eggs;rolls/buns;white bread;pickled vegetables;soda;fruit/vegetable juice;salty snack;long life bakery product;waffles;pot plants}"
"3272","{frankfurter;whipped/sour cream;condensed milk;rolls/buns;bottled water;soda;bottled beer;specialty bar}"
"3273","{canned beer}"
"3274","{canned beer}"
"3275","{other vegetables;frozen potato products;coffee;salty snack;specialty chocolate;shopping bags}"
"3276","{soda}"
"3277","{soda}"
"3278","{pastry}"
"3279","{ham;frozen potato products;white bread;pastry;cat food;bottled water;soda;candy;sound storage medium;shopping bags}"
"3280","{frankfurter;citrus fruit;canned vegetables;coffee}"
"3281","{soda;specialty chocolate;newspapers}"
"3282","{whole milk;UHT-milk;domestic eggs;newspapers}"
"3283","{whole milk}"
"3284","{misc. beverages;canned beer;shopping bags}"
"3285","{root vegetables;other vegetables;whole milk;specialty bar;dishes}"
"3286","{other vegetables;margarine}"
"3287","{butter}"
"3288","{bottled beer;chocolate;specialty bar}"
"3289","{whole milk;pastry;flour;salt;vinegar}"
"3290","{pip fruit;berries}"
"3291","{male cosmetics}"
"3292","{meat;turkey;citrus fruit;tropical fruit;herbs;other vegetables;frozen meals;shopping bags}"
"3293","{bottled water;soda;dishes}"
"3294","{pastry;syrup}"
"3295","{sausage;whole milk;yogurt;sliced cheese;rolls/buns;coffee;soda;canned beer;specialty bar}"
"3296","{pork;pip fruit;other vegetables;butter;rice;margarine;soda;waffles;shopping bags}"
"3297","{packaged fruit/vegetables}"
"3298","{other vegetables;pet care}"
"3299","{misc. beverages}"
"3300","{whole milk}"
"3301","{pip fruit;whole milk;domestic eggs;margarine;soda;chocolate;napkins}"
"3302","{liquor}"
"3303","{whole milk;pastry;vinegar}"
"3304","{canned beer}"
"3305","{photo/film}"
"3306","{tropical fruit;grapes;onions;other vegetables;yogurt;domestic eggs;oil;pudding powder;pickled vegetables;salty snack;waffles;specialty bar}"
"3307","{domestic eggs;misc. beverages}"
"3308","{meat;root vegetables;whole milk;yogurt;whipped/sour cream;domestic eggs;seasonal products;shopping bags}"
"3309","{meat;whipped/sour cream;coffee;chewing gum;dishes}"
"3310","{pork;root vegetables;cream cheese ;frozen fish;flour;sugar;decalcifier;shopping bags}"
"3311","{rolls/buns;bottled beer}"
"3312","{coffee}"
"3313","{canned beer}"
"3314","{butter milk}"
"3315","{bottled water}"
"3316","{organic sausage;citrus fruit;whole milk;whipped/sour cream;hard cheese;rolls/buns;pastry;bottled beer;long life bakery product;detergent;napkins;house keeping products;candles}"
"3317","{napkins}"
"3318","{organic sausage;pip fruit;root vegetables;other vegetables;pastry;salty snack;dishes}"
"3319","{tropical fruit;pip fruit;other vegetables;whole milk;ice cream;pastry;red/blush wine}"
"3320","{chocolate marshmallow}"
"3321","{frankfurter;root vegetables;packaged fruit/vegetables;soda;hygiene articles}"
"3322","{cling film/bags}"
"3323","{bottled beer}"
"3324","{citrus fruit;tropical fruit;pip fruit;yogurt;pastry;margarine;cat food;pet care;bottled water;chocolate;specialty bar;dental care;napkins}"
"3325","{liquor;specialty bar}"
"3326","{brown bread;bottled water;soda;canned beer}"
"3327","{ice cream}"
"3328","{newspapers}"
"3329","{processed cheese;rolls/buns;detergent;dish cleaner;flower soil/fertilizer}"
"3330","{chicken;tropical fruit;pip fruit;other vegetables;whole milk;whipped/sour cream;frozen vegetables;coffee}"
"3331","{tropical fruit;other vegetables;rolls/buns;white bread;bottled beer;pot plants}"
"3332","{whole milk;pickled vegetables;bottled water;fruit/vegetable juice;candy}"
"3333","{citrus fruit;specialty bar}"
"3334","{bottled beer}"
"3335","{sausage;finished products;beef;citrus fruit;onions;other vegetables;whole milk;dessert;frozen dessert;brown bread;canned vegetables;canned fruit;soda}"
"3336","{sausage;other vegetables;semi-finished bread;soda}"
"3337","{pip fruit;rolls/buns;bottled water;soda;specialty chocolate}"
"3338","{other vegetables;misc. beverages;fruit/vegetable juice;long life bakery product;shopping bags}"
"3339","{sausage;other vegetables;spread cheese;rolls/buns;soda;salty snack;long life bakery product}"
"3340","{tropical fruit;whole milk;ice cream}"
"3341","{pastry;sugar;coffee;liquor (appetizer)}"
"3342","{coffee;napkins}"
"3343","{ham;meat;whole milk;dessert;butter milk;whipped/sour cream;sliced cheese;rolls/buns;soda;fruit/vegetable juice}"
"3344","{liquor}"
"3345","{sausage;pork;tropical fruit;other vegetables;yogurt;bottled beer;red/blush wine;dishes}"
"3346","{frozen chicken;fruit/vegetable juice;bottled beer;shopping bags}"
"3347","{frankfurter;sausage;ham;hard cheese;processed cheese}"
"3348","{bottled water;canned beer}"
"3349","{canned beer}"
"3350","{other vegetables}"
"3351","{bottled water}"
"3352","{berries;root vegetables;packaged fruit/vegetables;whipped/sour cream;UHT-milk;instant coffee}"
"3353","{dessert;fruit/vegetable juice;nut snack;specialty bar}"
"3354","{pip fruit;sweet spreads}"
"3355","{pork;packaged fruit/vegetables;whole milk;white bread;liquor;chocolate marshmallow}"
"3356","{frankfurter;root vegetables;butter milk;rolls/buns;semi-finished bread;ready soups;bottled water;misc. beverages;shopping bags}"
"3357","{bottled water;misc. beverages;liquor;chewing gum}"
"3358","{tropical fruit;other vegetables;whipped/sour cream;white bread}"
"3359","{pip fruit;white bread;coffee;soda;fruit/vegetable juice;bottled beer;sparkling wine}"
"3360","{tropical fruit;UHT-milk;pastry;chocolate;napkins;shopping bags}"
"3361","{bottled beer;liquor}"
"3362","{candles}"
"3363","{spread cheese;soda}"
"3364","{pork;tropical fruit;herbs;whole milk;ice cream;chocolate marshmallow;candy;toilet cleaner;dental care}"
"3365","{canned beer;white wine}"
"3366","{pork;bottled water;rum;white wine;flower (seeds)}"
"3367","{beverages;frozen vegetables;coffee;soda;fruit/vegetable juice;cling film/bags}"
"3368","{sausage;beef;tropical fruit;onions;frozen vegetables;domestic eggs;white bread;semi-finished bread;sugar;baking powder;canned fish;coffee;seasonal products}"
"3369","{tropical fruit;yogurt;whipped/sour cream}"
"3370","{UHT-milk}"
"3371","{soda;salty snack;specialty bar;candy}"
"3372","{ham;hamburger meat;whole milk;yogurt;domestic eggs;white bread;Instant food products;chocolate}"
"3373","{white wine;specialty bar}"
"3374","{UHT-milk;pastry;waffles}"
"3375","{sausage;pip fruit;whole milk;sliced cheese;frozen vegetables;frozen meals;napkins;shopping bags}"
"3376","{whisky;chewing gum}"
"3377","{misc. beverages;bottled beer;white wine}"
"3378","{white wine}"
"3379","{soda;fruit/vegetable juice}"
"3380","{margarine;misc. beverages}"
"3381","{other vegetables;yogurt;soft cheese;domestic eggs;brown bread;roll products ;cat food;coffee;bottled water;canned beer;specialty chocolate;specialty bar;detergent;softener;napkins;shopping bags}"
"3382","{chicken;root vegetables;whole milk;butter milk;rolls/buns;soda;dish cleaner;baby cosmetics;kitchen towels}"
"3383","{other vegetables;coffee;bottled water;salty snack}"
"3384","{sausage;pork;other vegetables;rolls/buns;pickled vegetables;specialty bar;shopping bags}"
"3385","{pastry;chocolate;candles}"
"3386","{processed cheese;ketchup;seasonal products}"
"3387","{rolls/buns;pot plants}"
"3388","{chicken;whipped/sour cream;ice cream;frozen potato products;soda;candy;shopping bags}"
"3389","{berries;soda;long life bakery product;specialty chocolate}"
"3390","{frankfurter;chicken;tropical fruit;pip fruit;root vegetables;other vegetables;whole milk;yogurt;domestic eggs;rolls/buns;pastry;oil;bottled water;soda;canned beer;shopping bags}"
"3391","{whole milk;yogurt}"
"3392","{pip fruit;berries;whole milk;yogurt;hard cheese;frozen vegetables;popcorn}"
"3393","{soda}"
"3394","{soda;fruit/vegetable juice;waffles}"
"3395","{yogurt;ice cream;soda;long life bakery product;candy}"
"3396","{pork;root vegetables;other vegetables;dessert;condensed milk;hard cheese;specialty cheese;frozen vegetables;ice cream;pickled vegetables;canned fish;cat food;salty snack;nut snack;waffles;seasonal products}"
"3397","{onions}"
"3398","{liquor}"
"3399","{onions}"
"3400","{beef;bottled beer;cake bar}"
"3401","{rolls/buns;pickled vegetables;coffee;bottled water;red/blush wine}"
"3402","{frankfurter;tropical fruit;domestic eggs;rolls/buns;soda;fruit/vegetable juice}"
"3403","{sausage;hamburger meat;rolls/buns;soda}"
"3404","{whole milk;bottled water}"
"3405","{pork;whole milk;dessert;frozen vegetables;bottled water;cleaner}"
"3406","{whole milk}"
"3407","{bottled water;fruit/vegetable juice}"
"3408","{shopping bags}"
"3409","{citrus fruit;pastry}"
"3410","{meat;root vegetables;whole milk}"
"3411","{sausage;tropical fruit;berries;whole milk;butter;rolls/buns;roll products ;vinegar;sugar;jam;candles}"
"3412","{berries;rolls/buns;pastry;soda;shopping bags}"
"3413","{canned beer;shopping bags}"
"3414","{chicken;citrus fruit;rolls/buns;bottled water}"
"3415","{whole milk;dessert;yogurt;whipped/sour cream;specialty cheese;kitchen towels}"
"3416","{rolls/buns;oil}"
"3417","{hamburger meat;canned beer}"
"3418","{citrus fruit;other vegetables;butter;rolls/buns}"
"3419","{bottled beer}"
"3420","{beef;other vegetables;canned fish}"
"3421","{yogurt;brown bread;margarine;napkins}"
"3422","{meat;whole milk;specialty cheese;domestic eggs}"
"3423","{pastry}"
"3424","{other vegetables;rolls/buns;red/blush wine}"
"3425","{tidbits;canned beer;red/blush wine}"
"3426","{potato products}"
"3427","{waffles;specialty chocolate}"
"3428","{tropical fruit;other vegetables;skin care}"
"3429","{whole milk;whipped/sour cream;fruit/vegetable juice;canned beer;salty snack;waffles}"
"3430","{bottled beer;shopping bags}"
"3431","{soda;canned beer}"
"3432","{meat;rolls/buns;soda}"
"3433","{pip fruit}"
"3434","{rolls/buns}"
"3435","{frankfurter;whole milk;frozen vegetables;frozen fish;cling film/bags;house keeping products;flower (seeds);shopping bags}"
"3436","{soda;specialty chocolate}"
"3437","{pip fruit;whole milk;butter;cream cheese ;domestic eggs;shopping bags}"
"3438","{rolls/buns;brown bread}"
"3439","{onions;mayonnaise;rolls/buns;mustard;fruit/vegetable juice}"
"3440","{whole milk;fruit/vegetable juice}"
"3441","{pastry;specialty chocolate}"
"3442","{ham;chicken;citrus fruit;tropical fruit;yogurt;whipped/sour cream;domestic eggs}"
"3443","{root vegetables;whole milk;soda;detergent;softener;dish cleaner;photo/film}"
"3444","{photo/film}"
"3445","{bottled beer;chocolate}"
"3446","{dessert;frozen meals;frozen dessert;white bread;brown bread;soda;chocolate}"
"3447","{beverages;long life bakery product}"
"3448","{chicken;pork;frozen vegetables;frozen meals;rolls/buns;soda;long life bakery product}"
"3449","{whole milk;cream cheese ;brown bread;misc. beverages;shopping bags}"
"3450","{hard cheese}"
"3451","{pork;other vegetables;butter milk;yogurt;pasta;soda;waffles;photo/film}"
"3452","{soda}"
"3453","{yogurt}"
"3454","{citrus fruit;whole milk;yogurt;sliced cheese;brown bread;margarine;dog food;shopping bags}"
"3455","{soda;bottled beer;liquor;red/blush wine}"
"3456","{frankfurter;berries;whipped/sour cream;domestic eggs;rolls/buns;cooking chocolate}"
"3457","{ice cream}"
"3458","{brown bread}"
"3459","{sugar;waffles;cleaner;kitchen towels;shopping bags}"
"3460","{other vegetables;newspapers}"
"3461","{newspapers;photo/film}"
"3462","{nuts/prunes}"
"3463","{yogurt;whipped/sour cream;frozen vegetables;salt;pasta;baking powder;soda;misc. beverages;fruit/vegetable juice}"
"3464","{root vegetables}"
"3465","{chicken;brown bread;bottled water;newspapers}"
"3466","{other vegetables;whole milk;butter milk;yogurt;cream cheese ;domestic eggs;rolls/buns;brown bread;soda;fruit/vegetable juice;canned beer;red/blush wine;long life bakery product;chocolate;shopping bags}"
"3467","{fruit/vegetable juice;cake bar}"
"3468","{hamburger meat;whole milk;yogurt;soft cheese;frozen potato products;pasta;canned vegetables;fruit/vegetable juice;popcorn}"
"3469","{hamburger meat;whole milk;mayonnaise;pastry;Instant food products}"
"3470","{sausage;tropical fruit;whole milk;rolls/buns;soda}"
"3471","{pastry}"
"3472","{root vegetables}"
"3473","{soda}"
"3474","{UHT-milk;brandy;liquor (appetizer);specialty bar;hygiene articles}"
"3475","{citrus fruit;tropical fruit;herbs;other vegetables;whole milk;whipped/sour cream;bottled water}"
"3476","{sausage;whole milk;condensed milk;canned fish;soda;dishes}"
"3477","{condensed milk;soda}"
"3478","{frozen meals;soda}"
"3479","{dessert}"
"3480","{beef;berries;dessert;bottled water;hygiene articles}"
"3481","{pip fruit;brown bread;misc. beverages;chewing gum}"
"3482","{soda}"
"3483","{canned beer;shopping bags}"
"3484","{mayonnaise;rice;canned beer}"
"3485","{sausage;butter milk;pet care;coffee}"
"3486","{pip fruit;yogurt;frozen vegetables;domestic eggs;white bread;long life bakery product}"
"3487","{whole milk;sugar}"
"3488","{tropical fruit;frozen meals;frozen fish;salty snack;long life bakery product;chocolate;specialty chocolate}"
"3489","{pip fruit;fruit/vegetable juice}"
"3490","{ham;root vegetables;whole milk;curd;yogurt;frozen meals;domestic eggs;white bread;roll products ;flour;pasta;sugar;meat spreads;chewing gum}"
"3491","{pip fruit;whole milk;whipped/sour cream}"
"3492","{cereals;detergent}"
"3493","{sausage;tropical fruit;nuts/prunes;other vegetables;curd}"
"3494","{dessert;UHT-milk;cream cheese ;domestic eggs;brown bread;coffee;bottled water;soda;shopping bags}"
"3495","{tropical fruit;nuts/prunes;root vegetables;whole milk;yogurt;rolls/buns;waffles;napkins;newspapers}"
"3496","{whole milk}"
"3497","{canned beer;newspapers}"
"3498","{sausage;margarine;newspapers}"
"3499","{beverages}"
"3500","{pip fruit;berries;root vegetables;yogurt;soft cheese;hard cheese;frozen meals;frozen fish;frozen dessert;white bread;pastry;pasta;cereals;soda;long life bakery product;cake bar;detergent}"
"3501","{sausage;turkey;hamburger meat;grapes;other vegetables;whole milk;curd;dessert;yogurt;soft cheese;frozen vegetables;coffee;long life bakery product;chocolate marshmallow}"
"3502","{soda;chocolate}"
"3503","{beef;citrus fruit;tropical fruit;root vegetables;other vegetables;pickled vegetables}"
"3504","{whipped/sour cream;dog food;soda;fruit/vegetable juice;shopping bags}"
"3505","{root vegetables;shopping bags}"
"3506","{hamburger meat;packaged fruit/vegetables;whole milk;curd;yogurt;pastry}"
"3507","{meat;beef;citrus fruit;pip fruit;canned beer;chewing gum;shopping bags}"
"3508","{tropical fruit;nuts/prunes;whole milk;cream cheese ;domestic eggs;rolls/buns;white bread;flour;margarine;cat food;bottled water;bottled beer;softener;hygiene articles;napkins}"
"3509","{sausage;pip fruit;whole milk;butter;yogurt;dish cleaner}"
"3510","{sausage;hamburger meat;chocolate;detergent}"
"3511","{yogurt;brown bread}"
"3512","{white bread;chocolate;shopping bags}"
"3513","{sausage;white wine}"
"3514","{white wine}"
"3515","{pip fruit;other vegetables;frozen vegetables;canned vegetables}"
"3516","{soda}"
"3517","{soda}"
"3518","{curd;meat spreads}"
"3519","{tropical fruit;whole milk}"
"3520","{curd;UHT-milk;spread cheese;pasta;Instant food products;soda;shopping bags}"
"3521","{brown bread;margarine}"
"3522","{domestic eggs}"
"3523","{chocolate;dishes}"
"3524","{soda;specialty chocolate}"
"3525","{cooking chocolate}"
"3526","{butter;candy}"
"3527","{pork;other vegetables;whole milk;domestic eggs}"
"3528","{sausage;soft cheese;mayonnaise;ice cream}"
"3529","{shopping bags}"
"3530","{tropical fruit;berries;rolls/buns;pastry;margarine;coffee;shopping bags}"
"3531","{bottled water;fruit/vegetable juice;canned beer}"
"3532","{citrus fruit;whole milk;waffles}"
"3533","{root vegetables;whipped/sour cream;frozen vegetables;domestic eggs;rolls/buns}"
"3534","{root vegetables}"
"3535","{rolls/buns;bottled water;shopping bags}"
"3536","{yogurt}"
"3537","{dog food;canned beer}"
"3538","{other vegetables;white bread;newspapers}"
"3539","{hamburger meat;dessert;sliced cheese;pickled vegetables;toilet cleaner}"
"3540","{berries;butter milk;yogurt;pastry;bathroom cleaner}"
"3541","{sausage;whole milk;pastry;salty snack;kitchen towels}"
"3542","{bottled water}"
"3543","{chocolate}"
"3544","{root vegetables;whole milk}"
"3545","{tidbits;rolls/buns;coffee;salty snack}"
"3546","{whole milk;frozen vegetables;coffee}"
"3547","{citrus fruit;root vegetables;whole milk;coffee}"
"3548","{tropical fruit;grapes;whole milk;pastry;dog food;soda;waffles;specialty bar;cleaner;shopping bags}"
"3549","{chicken;tropical fruit;brown bread;pickled vegetables;soda;canned beer}"
"3550","{newspapers}"
"3551","{other vegetables;whole milk;whipped/sour cream;jam;soda;shopping bags}"
"3552","{butter;brown bread;bottled beer;white wine;shopping bags}"
"3553","{semi-finished bread}"
"3554","{bottled beer;liquor;red/blush wine;shopping bags}"
"3555","{seasonal products}"
"3556","{pork;pip fruit;onions;other vegetables;whole milk;dessert;yogurt;whisky}"
"3557","{whole milk;curd;yogurt;chocolate marshmallow;candy;newspapers}"
"3558","{sausage;chicken;pork;beef;citrus fruit;tropical fruit;whole milk;processed cheese;frozen meals;domestic eggs;brown bread;semi-finished bread;soda;chocolate}"
"3559","{salty snack}"
"3560","{root vegetables;herbs;other vegetables;whole milk;rolls/buns;roll products ;soda;shopping bags}"
"3561","{frankfurter;rolls/buns}"
"3562","{other vegetables;whole milk;frozen potato products}"
"3563","{chocolate;candy}"
"3564","{sausage;yogurt}"
"3565","{finished products;seasonal products}"
"3566","{whole milk;pastry}"
"3567","{shopping bags}"
"3568","{whole milk;zwieback;salty snack}"
"3569","{soda;canned beer}"
"3570","{rolls/buns}"
"3571","{seasonal products}"
"3572","{pip fruit;ice cream;bottled beer}"
"3573","{UHT-milk;artif. sweetener;bottled water}"
"3574","{canned beer}"
"3575","{tropical fruit;ice cream;frozen dessert;candy}"
"3576","{pork;tropical fruit;onions;herbs;whole milk;butter;frozen vegetables;rolls/buns;jam;bottled water;liquor (appetizer)}"
"3577","{other vegetables;UHT-milk;sauces;fruit/vegetable juice;shopping bags}"
"3578","{berries}"
"3579","{bottled water;canned beer;hygiene articles}"
"3580","{waffles}"
"3581","{soda}"
"3582","{soda}"
"3583","{sausage;grapes;sliced cheese;cream cheese ;ice cream;salty snack;waffles;chewing gum;napkins}"
"3584","{pastry;canned beer}"
"3585","{frozen meals;ice cream}"
"3586","{tropical fruit;root vegetables;whole milk;frozen vegetables;domestic eggs;brown bread;semi-finished bread;canned beer}"
"3587","{salty snack}"
"3588","{tropical fruit;pip fruit;UHT-milk;sugar;cat food;coffee;long life bakery product;chocolate;hygiene articles}"
"3589","{pork}"
"3590","{ham;turkey;tropical fruit;whole milk;butter;frozen meals;pastry;roll products ;semi-finished bread;cat food;soda;waffles;cake bar;specialty chocolate;kitchen towels;shopping bags}"
"3591","{sausage;tropical fruit;pip fruit;root vegetables;whipped/sour cream;pastry;cat food;pet care;bottled beer}"
"3592","{domestic eggs}"
"3593","{whole milk;butter;whipped/sour cream;sliced cheese;cream cheese ;spices;specialty bar}"
"3594","{other vegetables;butter;curd;frozen vegetables;brown bread;hygiene articles}"
"3595","{bottled beer}"
"3596","{ham;whole milk;dessert;processed cheese;domestic eggs;white bread;pickled vegetables;specialty vegetables;coffee;specialty chocolate;dental care;hygiene articles}"
"3597","{frankfurter;sausage;processed cheese;rolls/buns;liquor}"
"3598","{sausage;white wine;shopping bags}"
"3599","{bottled water}"
"3600","{sausage;beverages;soda}"
"3601","{pork;whole milk;pastry;shopping bags}"
"3602","{frankfurter;dessert}"
"3603","{Instant food products;canned vegetables;salty snack}"
"3604","{ham;tropical fruit;pip fruit;root vegetables;domestic eggs;napkins;newspapers}"
"3605","{bottled beer}"
"3606","{frozen vegetables;margarine;cleaner}"
"3607","{butter;oil;margarine;specialty fat;chocolate;candy}"
"3608","{berries;other vegetables;yogurt;pastry;shopping bags}"
"3609","{frankfurter;other vegetables;frozen vegetables;waffles;cake bar}"
"3610","{tropical fruit;yogurt;condensed milk;brown bread;soda;bottled beer}"
"3611","{beef;pip fruit;root vegetables;whole milk;yogurt;flour;dog food;canned beer}"
"3612","{frankfurter;rolls/buns;pastry;vinegar;mustard;specialty chocolate}"
"3613","{white bread}"
"3614","{citrus fruit;whole milk;semi-finished bread}"
"3615","{whole milk;rolls/buns;hygiene articles;napkins;house keeping products}"
"3616","{frozen meals}"
"3617","{frankfurter;sausage;butter;flour;sugar;soda;chocolate}"
"3618","{beef}"
"3619","{sausage;cream cheese ;mayonnaise;rolls/buns;margarine;soda}"
"3620","{pet care}"
"3621","{napkins}"
"3622","{frankfurter;sausage;citrus fruit;root vegetables;other vegetables;yogurt;soft cheese;spread cheese;rolls/buns;bottled water}"
"3623","{soda;bottled beer}"
"3624","{citrus fruit;yogurt;fruit/vegetable juice;napkins}"
"3625","{other vegetables;frozen vegetables;domestic eggs;rolls/buns;canned vegetables;soda;hygiene articles;flower (seeds);shopping bags}"
"3626","{sausage;yogurt;white wine;red/blush wine;shopping bags}"
"3627","{beef;curd;cream cheese ;soda;photo/film}"
"3628","{other vegetables}"
"3629","{rolls/buns;prosecco;salty snack}"
"3630","{other vegetables;frozen vegetables;frozen fish;rolls/buns;pickled vegetables}"
"3631","{other vegetables;whole milk;butter milk;specialty cheese}"
"3632","{root vegetables;other vegetables;whole milk;rolls/buns;pastry;bottled water;soda;waffles;cake bar}"
"3633","{cat food;bottled water;soda;white wine;salty snack;napkins;kitchen towels}"
"3634","{whole milk}"
"3635","{oil;fruit/vegetable juice;dishes}"
"3636","{frankfurter;rolls/buns}"
"3637","{tropical fruit;yogurt;coffee;newspapers}"
"3638","{soda;chocolate marshmallow}"
"3639","{shopping bags}"
"3640","{whole milk}"
"3641","{sausage;pip fruit;whole milk;yogurt;sliced cheese;cream cheese ;pastry;soda;shopping bags}"
"3642","{sausage;tropical fruit;whole milk;bottled beer}"
"3643","{sausage;root vegetables;rolls/buns;soda}"
"3644","{whole milk}"
"3645","{sausage;soft cheese;rolls/buns;brown bread}"
"3646","{detergent}"
"3647","{pastry;canned beer;long life bakery product;candles}"
"3648","{fish;liquor}"
"3649","{canned beer}"
"3650","{canned beer}"
"3651","{bottled beer}"
"3652","{rolls/buns}"
"3653","{bottled water;soda;salty snack}"
"3654","{bottled water}"
"3655","{rolls/buns}"
"3656","{meat;pork;root vegetables;other vegetables;yogurt;cream cheese ;rolls/buns;white bread;vinegar;soda;cake bar;napkins}"
"3657","{yogurt;artif. sweetener}"
"3658","{rolls/buns;soda}"
"3659","{soda;canned beer}"
"3660","{rolls/buns}"
"3661","{frozen meals;rolls/buns;brown bread}"
"3662","{other vegetables;rolls/buns;bottled water;skin care}"
"3663","{dishes}"
"3664","{rolls/buns;brown bread}"
"3665","{rolls/buns}"
"3666","{other vegetables;whole milk;yogurt;rolls/buns;brown bread;coffee;soda;fruit/vegetable juice;bottled beer;chocolate;specialty chocolate;specialty bar;napkins;dishes}"
"3667","{coffee;soda}"
"3668","{frozen dessert}"
"3669","{ham;chicken;citrus fruit;tropical fruit;berries;root vegetables;other vegetables;whole milk;yogurt;whipped/sour cream;beverages;soft cheese;sliced cheese;rolls/buns;pastry;semi-finished bread;oil;fruit/vegetable juice}"
"3670","{frankfurter;chicken;ice cream;rolls/buns}"
"3671","{yogurt;UHT-milk;rolls/buns;brown bread}"
"3672","{citrus fruit;pip fruit;whole milk;condensed milk;cream cheese ;domestic eggs;fruit/vegetable juice}"
"3673","{sausage;root vegetables;other vegetables;brown bread;long life bakery product}"
"3674","{frankfurter;citrus fruit;tropical fruit;pip fruit;grapes;root vegetables;other vegetables;whole milk;yogurt;frozen meals;frozen fish;frozen dessert;brown bread}"
"3675","{liver loaf;brown bread;bottled water;canned beer}"
"3676","{pork;grapes;berries;other vegetables;whipped/sour cream;frozen dessert;domestic eggs;rolls/buns;pastry;sugar;baking powder;bottled water;dishes}"
"3677","{frozen fish;rolls/buns;pastry}"
"3678","{herbs;other vegetables;whipped/sour cream;red/blush wine;shopping bags}"
"3679","{grapes;root vegetables;other vegetables;whipped/sour cream;cat food;chewing gum;decalcifier;bathroom cleaner;napkins;dishes;kitchen towels}"
"3680","{sausage;sliced cheese;pickled vegetables}"
"3681","{frankfurter;soft cheese;rolls/buns}"
"3682","{frankfurter;rolls/buns;chewing gum}"
"3683","{chocolate}"
"3684","{frankfurter;hamburger meat;brown bread;salt;pasta;canned vegetables}"
"3685","{whole milk;whipped/sour cream;pastry;bottled water}"
"3686","{sausage}"
"3687","{tropical fruit;grapes;other vegetables;whole milk;brown bread;pastry;fruit/vegetable juice;long life bakery product;pot plants}"
"3688","{herbs;other vegetables}"
"3689","{ham;citrus fruit;butter milk;yogurt;cream cheese ;rolls/buns;dog food;female sanitary products;napkins;pot plants}"
"3690","{frankfurter;rolls/buns}"
"3691","{chicken;tropical fruit;pip fruit;other vegetables;yogurt;pastry;bottled beer;red/blush wine}"
"3692","{tropical fruit;pip fruit;whole milk;rolls/buns;pastry;fruit/vegetable juice;salty snack;detergent;make up remover}"
"3693","{citrus fruit;whole milk;butter;curd;yogurt;soft cheese}"
"3694","{tropical fruit;whole milk;yogurt;beverages;brown bread;newspapers}"
"3695","{beef;citrus fruit;tropical fruit;root vegetables;ice cream;roll products ;soda;canned beer;red/blush wine}"
"3696","{other vegetables;frozen fish;newspapers}"
"3697","{bottled beer;liquor;red/blush wine}"
"3698","{bottled water;misc. beverages}"
"3699","{newspapers}"
"3700","{bottled water;misc. beverages;cooking chocolate}"
"3701","{curd;dessert;yogurt;white bread;long life bakery product;shopping bags}"
"3702","{citrus fruit;tropical fruit;other vegetables;salt;misc. beverages;fruit/vegetable juice;napkins}"
"3703","{citrus fruit;frozen vegetables;domestic eggs;brown bread;soda;chocolate;house keeping products}"
"3704","{pork;UHT-milk;bottled water;soda}"
"3705","{house keeping products}"
"3706","{tropical fruit;whole milk;ice cream;red/blush wine;chocolate;shopping bags}"
"3707","{newspapers}"
"3708","{pip fruit;onions;other vegetables;rolls/buns;Instant food products;tea;bottled water;salty snack}"
"3709","{root vegetables;rolls/buns;pastry}"
"3710","{whole milk}"
"3711","{pip fruit;rolls/buns;pet care;soda;waffles;chocolate marshmallow;napkins}"
"3712","{soda}"
"3713","{misc. beverages;fruit/vegetable juice}"
"3714","{beverages;long life bakery product}"
"3715","{ice cream;oil;bottled beer}"
"3716","{other vegetables;whole milk;curd;dessert;yogurt;cream cheese ;cat food}"
"3717","{chicken;root vegetables;yogurt}"
"3718","{grapes;berries;other vegetables;curd;sliced cheese;pastry;misc. beverages;salty snack;detergent;hygiene articles;napkins}"
"3719","{photo/film}"
"3720","{tropical fruit;root vegetables;other vegetables;frozen dessert;margarine}"
"3721","{coffee;bottled beer}"
"3722","{specialty chocolate}"
"3723","{specialty bar}"
"3724","{yogurt;salty snack;napkins}"
"3725","{root vegetables;other vegetables;dessert;whipped/sour cream;domestic eggs;pastry;chocolate;softener}"
"3726","{chicken;beef;yogurt;rolls/buns;newspapers}"
"3727","{whole milk;frozen fish;pastry}"
"3728","{sausage;tropical fruit;semi-finished bread;soda;salty snack;shopping bags}"
"3729","{butter milk}"
"3730","{sausage;tropical fruit;whole milk;butter milk;yogurt;white bread;meat spreads;soda;fruit/vegetable juice;shopping bags}"
"3731","{UHT-milk;rolls/buns;popcorn;snack products;chocolate}"
"3732","{shopping bags}"
"3733","{pasta}"
"3734","{soda}"
"3735","{pip fruit;whole milk;soda}"
"3736","{fish;citrus fruit}"
"3737","{canned beer;newspapers}"
"3738","{hamburger meat;tropical fruit;root vegetables;whole milk;frozen meals;rolls/buns;pasta;waffles}"
"3739","{whole milk}"
"3740","{pork;root vegetables;whipped/sour cream;domestic eggs;red/blush wine;salty snack}"
"3741","{meat;hamburger meat;whole milk;UHT-milk;hard cheese;pastry;sugar;pickled vegetables;long life bakery product}"
"3742","{hamburger meat;tropical fruit;pip fruit;root vegetables;Instant food products;soda;waffles;newspapers;shopping bags}"
"3743","{tropical fruit}"
"3744","{whole milk;butter;yogurt;rolls/buns}"
"3745","{light bulbs}"
"3746","{yogurt}"
"3747","{ice cream;newspapers}"
"3748","{citrus fruit;frozen dessert;domestic eggs;rolls/buns;pastry}"
"3749","{pet care;bottled water}"
"3750","{whipped/sour cream;rolls/buns;pastry;soda;salty snack;chewing gum;cleaner;female sanitary products;shopping bags}"
"3751","{chicken;hamburger meat;citrus fruit;whole milk;butter;yogurt;whipped/sour cream;curd cheese;pickled vegetables}"
"3752","{sausage;other vegetables;yogurt;whipped/sour cream;cream cheese ;soda;hygiene articles;cling film/bags}"
"3753","{rolls/buns;white bread}"
"3754","{soda}"
"3755","{other vegetables;whole milk;frozen fish;white bread;pickled vegetables;long life bakery product}"
"3756","{root vegetables;brown bread;baking powder;napkins;photo/film}"
"3757","{root vegetables;curd;mayonnaise;domestic eggs;margarine;mustard;shopping bags}"
"3758","{yogurt}"
"3759","{other vegetables;beverages;spread cheese;domestic eggs;rolls/buns;pastry}"
"3760","{yogurt;beverages}"
"3761","{liver loaf;whole milk;mustard;shopping bags}"
"3762","{tropical fruit;root vegetables;other vegetables;bottled water;soda;bottled beer;prosecco;chocolate;hygiene articles}"
"3763","{tropical fruit;rolls/buns;mustard}"
"3764","{hamburger meat}"
"3765","{margarine;fruit/vegetable juice}"
"3766","{bottled beer;liquor;red/blush wine}"
"3767","{bottled beer}"
"3768","{whole milk;rolls/buns;coffee;fruit/vegetable juice}"
"3769","{rolls/buns}"
"3770","{butter;mayonnaise;instant coffee}"
"3771","{hamburger meat;tropical fruit;hard cheese;white wine;shopping bags}"
"3772","{chewing gum}"
"3773","{sausage;meat;citrus fruit;yogurt;ice cream;rolls/buns;brown bread;pickled vegetables;jam;liquor;newspapers}"
"3774","{liqueur}"
"3775","{grapes;salty snack;specialty bar;candy}"
"3776","{canned beer}"
"3777","{canned beer}"
"3778","{other vegetables;sweet spreads}"
"3779","{ham;curd;dessert;beverages;UHT-milk;cream cheese ;brown bread;mustard;sweet spreads}"
"3780","{sausage;salty snack;seasonal products}"
"3781","{beef;other vegetables;butter milk;soups;sparkling wine}"
"3782","{specialty chocolate}"
"3783","{butter}"
"3784","{semi-finished bread;bottled water}"
"3785","{coffee;flower (seeds)}"
"3786","{pip fruit;root vegetables;UHT-milk;frozen dessert;domestic eggs;margarine;pickled vegetables}"
"3787","{hamburger meat;onions;cream cheese ;brown bread;pastry;sugar;cereals;pet care}"
"3788","{rolls/buns;pastry;napkins;newspapers}"
"3789","{root vegetables}"
"3790","{pork;whole milk;dessert}"
"3791","{other vegetables;white bread;pastry;shopping bags}"
"3792","{chicken;butter;white bread}"
"3793","{misc. beverages}"
"3794","{canned beer}"
"3795","{citrus fruit;onions;hard cheese;specialty cheese;frozen vegetables;frozen dessert;domestic eggs;rolls/buns}"
"3796","{waffles}"
"3797","{root vegetables;whole milk}"
"3798","{yogurt}"
"3799","{berries}"
"3800","{sausage;root vegetables;whole milk;fruit/vegetable juice;popcorn;candy}"
"3801","{citrus fruit;other vegetables;frozen vegetables;sugar}"
"3802","{UHT-milk;brown bread}"
"3803","{finished products}"
"3804","{cat food;canned beer}"
"3805","{canned beer}"
"3806","{canned beer}"
"3807","{fruit/vegetable juice}"
"3808","{pork;tropical fruit;root vegetables;margarine;soda;bottled beer;waffles}"
"3809","{frankfurter;white bread;margarine}"
"3810","{sausage;chicken;citrus fruit}"
"3811","{pork;citrus fruit;tropical fruit;whole milk;frozen vegetables;domestic eggs;honey;canned vegetables;red/blush wine;chocolate marshmallow;napkins}"
"3812","{liquor}"
"3813","{frozen meals;cleaner}"
"3814","{beef;other vegetables}"
"3815","{frankfurter;other vegetables;red/blush wine;shopping bags}"
"3816","{frankfurter;tropical fruit;onions;dessert;ice cream;dishes;candles}"
"3817","{dessert;nut snack;specialty chocolate}"
"3818","{root vegetables;other vegetables}"
"3819","{sausage;citrus fruit;tropical fruit;pip fruit;yogurt;pastry;bottled water;long life bakery product}"
"3820","{butter}"
"3821","{other vegetables}"
"3822","{whole milk;soft cheese;rolls/buns;brown bread}"
"3823","{frankfurter;rolls/buns;soda;fruit/vegetable juice;shopping bags}"
"3824","{bottled water;white wine}"
"3825","{pip fruit;rolls/buns;prosecco;seasonal products;pot plants;shopping bags}"
"3826","{rolls/buns}"
"3827","{tropical fruit;pip fruit}"
"3828","{other vegetables;yogurt;chocolate}"
"3829","{meat;rolls/buns;pastry}"
"3830","{bottled beer;liquor}"
"3831","{pet care;soda;bottled beer;snack products;candy}"
"3832","{rolls/buns;fruit/vegetable juice;bottled beer;canned beer;chocolate}"
"3833","{root vegetables;other vegetables;canned vegetables;shopping bags}"
"3834","{ham;whole milk;yogurt;soda;red/blush wine}"
"3835","{rolls/buns;coffee}"
"3836","{rolls/buns;coffee;bottled water}"
"3837","{UHT-milk;baking powder}"
"3838","{frankfurter;whole milk;rolls/buns;coffee;salty snack;kitchen towels}"
"3839","{whole milk;domestic eggs;soda;canned beer;liquor (appetizer);shopping bags}"
"3840","{whole milk;butter milk;specialty bar}"
"3841","{citrus fruit;root vegetables;onions;other vegetables}"
"3842","{other vegetables}"
"3843","{popcorn;specialty bar;candy}"
"3844","{canned beer}"
"3845","{pork;tropical fruit;whole milk;butter;dessert;yogurt;frozen vegetables;frozen meals;frozen chicken;coffee;fruit/vegetable juice;chocolate;dental care;kitchen towels;newspapers}"
"3846","{chicken;tropical fruit;pip fruit;other vegetables;yogurt;soft cheese;domestic eggs;roll products ;fruit/vegetable juice;dish cleaner}"
"3847","{UHT-milk}"
"3848","{brandy;specialty bar}"
"3849","{other vegetables;whole milk;butter;specialty cheese;frozen vegetables;semi-finished bread;pot plants}"
"3850","{pip fruit;other vegetables;whole milk;frozen vegetables;domestic eggs;shopping bags}"
"3851","{bottled beer}"
"3852","{sausage;chicken;beef;other vegetables;butter;dessert;whipped/sour cream;UHT-milk;soft cheese;frozen meals;brown bread;pasta;oil;specialty fat;pudding powder;pickled vegetables;specialty bar}"
"3853","{bottled beer;napkins}"
"3854","{other vegetables}"
"3855","{other vegetables;whipped/sour cream;cream cheese ;rolls/buns;coffee}"
"3856","{whole milk;dessert;oil}"
"3857","{yogurt}"
"3858","{butter;yogurt;rolls/buns;soda}"
"3859","{canned beer}"
"3860","{pip fruit;canned beer}"
"3861","{rolls/buns;long life bakery product;candy;shopping bags}"
"3862","{canned beer}"
"3863","{rolls/buns;canned beer}"
"3864","{rolls/buns;soda;fruit/vegetable juice}"
"3865","{pip fruit;onions;whole milk;yogurt;frozen vegetables;frozen fish;rolls/buns;semi-finished bread;margarine;bottled beer}"
"3866","{pork;citrus fruit;tropical fruit;spread cheese;bottled water}"
"3867","{frankfurter;pork;yogurt;soft cheese;sugar;bottled water;soda;fruit/vegetable juice;shopping bags}"
"3868","{sausage;soda;bottled beer}"
"3869","{citrus fruit;dessert;newspapers}"
"3870","{brown bread;dog food;canned beer}"
"3871","{soda}"
"3872","{canned beer}"
"3873","{bottled water}"
"3874","{pork;beef}"
"3875","{frozen meals;soda}"
"3876","{chicken;root vegetables;whole milk;rolls/buns;brown bread}"
"3877","{rolls/buns;red/blush wine;photo/film}"
"3878","{pork;citrus fruit;root vegetables;whole milk;bottled water;dish cleaner}"
"3879","{sausage;brown bread;margarine;bottled beer}"
"3880","{rolls/buns}"
"3881","{soda}"
"3882","{root vegetables;other vegetables;whole milk}"
"3883","{beverages}"
"3884","{sausage;hamburger meat;tropical fruit;pip fruit;whole milk;beverages;frozen vegetables;frozen meals;white bread;pasta;pickled vegetables;sweet spreads;bottled water;fruit/vegetable juice;long life bakery product;specialty bar;detergent;newspapers}"
"3885","{frankfurter;tropical fruit;other vegetables;whole milk;rolls/buns;pet care;soda;fruit/vegetable juice;make up remover}"
"3886","{UHT-milk;bottled beer;liquor (appetizer);dishes}"
"3887","{whole milk;curd;yogurt;margarine}"
"3888","{whole milk;domestic eggs;newspapers}"
"3889","{sausage;yogurt;rolls/buns;bottled water;soda}"
"3890","{canned beer}"
"3891","{sausage;beef;tropical fruit;pip fruit;berries;root vegetables;other vegetables;whole milk;mustard;candles}"
"3892","{beef;other vegetables;rolls/buns;bottled beer}"
"3893","{baking powder;coffee;photo/film}"
"3894","{canned beer}"
"3895","{frankfurter;beef;other vegetables;whole milk;butter;yogurt;soft cheese;pastry;oil;coffee;bottled water;soda;cake bar;specialty bar;detergent;hygiene articles;dishes}"
"3896","{meat;chicken;hamburger meat;citrus fruit;whole milk;butter;butter milk;yogurt;soft cheese;frozen vegetables;domestic eggs;rolls/buns;fruit/vegetable juice;seasonal products}"
"3897","{yogurt;fruit/vegetable juice;dishes}"
"3898","{sausage;soda;canned beer;chewing gum}"
"3899","{root vegetables;onions;whole milk;bottled water}"
"3900","{canned beer}"
"3901","{canned beer}"
"3902","{tropical fruit;cream cheese ;mayonnaise;rolls/buns;white bread;ready soups;baking powder;canned fish;long life bakery product}"
"3903","{tropical fruit;other vegetables;whole milk;curd;yogurt;frozen vegetables;frozen dessert;rolls/buns;soda;liquor (appetizer);waffles;candy;seasonal products;candles}"
"3904","{citrus fruit;tropical fruit;pip fruit;whole milk;butter milk}"
"3905","{chicken;hamburger meat;citrus fruit;other vegetables;coffee}"
"3906","{dessert;yogurt;UHT-milk;cream cheese ;frozen vegetables;rolls/buns;bottled water;napkins}"
"3907","{other vegetables;yogurt}"
"3908","{other vegetables;whipped/sour cream}"
"3909","{onions;cat food;pet care;popcorn;dental care}"
"3910","{frozen vegetables;margarine;pickled vegetables}"
"3911","{chicken;hamburger meat;pip fruit;other vegetables;UHT-milk;sliced cheese;specialty cheese;dog food;coffee;brandy;softener;pot plants}"
"3912","{chicken;pip fruit;whole milk;whipped/sour cream;margarine;newspapers;flower (seeds)}"
"3913","{onions;canned beer;shopping bags}"
"3914","{meat;chicken;pork;root vegetables;whole milk;rolls/buns;detergent}"
"3915","{ham;chicken;turkey;beef;onions;whole milk;butter;frozen potato products;domestic eggs;pastry;salt;sugar;jam;coffee}"
"3916","{citrus fruit;pip fruit;whole milk;sliced cheese;salty snack}"
"3917","{yogurt}"
"3918","{frankfurter;chicken;turkey;beef;whole milk;brown bread;pastry;bottled water}"
"3919","{dishes}"
"3920","{pork;pip fruit;curd;roll products ;margarine;soups;coffee;napkins;newspapers}"
"3921","{butter milk;UHT-milk;cream cheese ;spread cheese;brown bread;coffee}"
"3922","{coffee;pot plants}"
"3923","{chicken;tropical fruit;frozen fish;domestic eggs;roll products ;seasonal products;dish cleaner}"
"3924","{pip fruit;root vegetables;other vegetables;whole milk}"
"3925","{soda}"
"3926","{yogurt;rolls/buns}"
"3927","{berries;root vegetables;yogurt;whipped/sour cream;specialty fat;white wine;kitchen towels}"
"3928","{hamburger meat;tropical fruit;yogurt;frozen vegetables;domestic eggs;rolls/buns;meat spreads;cat food;soda;misc. beverages}"
"3929","{canned beer}"
"3930","{turkey;tropical fruit;root vegetables;other vegetables;curd;whipped/sour cream;liquor (appetizer)}"
"3931","{beverages;soda}"
"3932","{bottled beer}"
"3933","{pastry;soda}"
"3934","{pip fruit;other vegetables;whole milk}"
"3935","{whole milk;whipped/sour cream;rolls/buns;pot plants}"
"3936","{hamburger meat;root vegetables;whole milk;rolls/buns;long life bakery product;waffles}"
"3937","{chocolate}"
"3938","{other vegetables;whole milk;yogurt;bottled water}"
"3939","{oil;bottled water;long life bakery product}"
"3940","{beef;citrus fruit;tropical fruit;whole milk;yogurt;margarine;specialty fat;mustard;canned vegetables;napkins}"
"3941","{bottled water}"
"3942","{sausage;root vegetables;curd;yogurt;whipped/sour cream;sliced cheese;processed cheese;domestic eggs;oil;Instant food products;soda;red/blush wine;candy;newspapers}"
"3943","{sausage;UHT-milk;flour;flower (seeds)}"
"3944","{pork;butter;curd;frozen vegetables;margarine;sugar;chewing gum;napkins;newspapers}"
"3945","{frankfurter;meat}"
"3946","{whipped/sour cream}"
"3947","{canned beer;red/blush wine}"
"3948","{pork;root vegetables;other vegetables;mayonnaise;domestic eggs;rolls/buns;mustard;fruit/vegetable juice;chewing gum;dishes}"
"3949","{whole milk;rolls/buns;semi-finished bread}"
"3950","{other vegetables;whole milk;butter;white bread;canned vegetables;soda;snack products;cake bar;chocolate}"
"3951","{whole milk;rolls/buns;coffee}"
"3952","{citrus fruit;root vegetables;onions;other vegetables;domestic eggs;white bread;cake bar}"
"3953","{other vegetables;whole milk;rolls/buns;brown bread;soda;hygiene articles;newspapers}"
"3954","{other vegetables;whole milk;curd;frozen vegetables;frozen dessert;misc. beverages;rum;long life bakery product;newspapers}"
"3955","{beef;root vegetables;herbs;other vegetables;whole milk;butter;curd;whipped/sour cream;rolls/buns;pastry;margarine}"
"3956","{meat;chicken;other vegetables;butter milk;yogurt;roll products ;flour;cat food;soda;dishes}"
"3957","{sausage;frozen vegetables;frozen meals;pickled vegetables;coffee}"
"3958","{pip fruit;pasta;oil;shopping bags}"
"3959","{beef;root vegetables;frozen vegetables;frozen potato products;white bread;detergent}"
"3960","{chicken;hamburger meat;herbs;UHT-milk;cream cheese ;frozen vegetables;soda;dish cleaner;pot plants}"
"3961","{canned beer}"
"3962","{sausage;pip fruit;yogurt;white bread;soda}"
"3963","{whole milk;butter milk;rolls/buns;margarine;bottled water;fruit/vegetable juice}"
"3964","{whole milk;rolls/buns;bottled beer}"
"3965","{sausage;hamburger meat;cream;spread cheese;canned fish;napkins}"
"3966","{coffee;soda}"
"3967","{nuts/prunes;rolls/buns}"
"3968","{sausage;curd;yogurt;cream cheese ;brown bread;pastry;coffee;seasonal products;napkins}"
"3969","{coffee}"
"3970","{chicken;pork;citrus fruit;root vegetables;herbs;other vegetables;whole milk;butter;frozen dessert;domestic eggs;rolls/buns;bottled water;bottled beer}"
"3971","{tropical fruit;other vegetables;yogurt;domestic eggs;rolls/buns;pastry;semi-finished bread;zwieback;oil;margarine;organic products;coffee;bottled water;soda;snack products;waffles;chocolate marshmallow;candy;seasonal products}"
"3972","{finished products;other vegetables;whole milk;yogurt;curd cheese;brown bread;pastry;potato products;baking powder;soda;specialty chocolate;candy;seasonal products}"
"3973","{whole milk;bottled water}"
"3974","{beef;root vegetables;other vegetables;frozen dessert;pastry;vinegar;margarine;sugar;cat food;coffee;bottled beer;cling film/bags;candles;pot plants}"
"3975","{abrasive cleaner;napkins}"
"3976","{bottled water}"
"3977","{other vegetables;spices;coffee}"
"3978","{beef;citrus fruit;tropical fruit;other vegetables;condensed milk;processed cheese;bottled water;soda;cling film/bags}"
"3979","{whole milk}"
"3980","{tropical fruit;root vegetables;sliced cheese;processed cheese;margarine;bottled water;soda;misc. beverages}"
"3981","{candy}"
"3982","{sausage;soft cheese;rolls/buns;bottled water;specialty chocolate}"
"3983","{butter milk;domestic eggs;rolls/buns;soda;specialty chocolate}"
"3984","{sausage;whole milk;frozen dessert;mustard;jam;bottled water;hygiene articles}"
"3985","{frankfurter;chicken;pork;other vegetables;yogurt;whipped/sour cream;soft cheese;rolls/buns;instant coffee;bottled water;napkins}"
"3986","{rolls/buns;soda;fruit/vegetable juice;bottled beer;long life bakery product}"
"3987","{canned beer}"
"3988","{canned beer}"
"3989","{whole milk;rolls/buns;spices;bottled water}"
"3990","{citrus fruit;candy}"
"3991","{margarine}"
"3992","{sausage;citrus fruit;other vegetables;whole milk;whipped/sour cream;sliced cheese;cream cheese ;domestic eggs;rolls/buns;pastry;sugar;baking powder}"
"3993","{sausage;newspapers}"
"3994","{chicken;other vegetables;whole milk;curd;domestic eggs;rolls/buns;softener}"
"3995","{shopping bags}"
"3996","{tropical fruit;rolls/buns;seasonal products;bathroom cleaner;newspapers;shopping bags}"
"3997","{other vegetables;whole milk;domestic eggs;margarine;bottled water;fruit/vegetable juice;bottled beer}"
"3998","{butter;soups}"
"3999","{root vegetables;butter;margarine}"
"4000","{photo/film}"
"4001","{sausage;turkey;citrus fruit;other vegetables;whole milk;butter;curd;whipped/sour cream;tidbits;ice cream;rolls/buns;pastry;soda;newspapers}"
"4002","{turkey}"
"4003","{citrus fruit;yogurt;UHT-milk;domestic eggs;rolls/buns}"
"4004","{pastry}"
"4005","{pork;whole milk;curd;whipped/sour cream}"
"4006","{photo/film}"
"4007","{photo/film}"
"4008","{frankfurter;rolls/buns}"
"4009","{pip fruit}"
"4010","{beef;pip fruit;onions;whole milk;margarine;specialty fat;soda;fruit/vegetable juice;napkins}"
"4011","{whole milk;flour;margarine;sugar}"
"4012","{root vegetables;whole milk;whipped/sour cream;frozen meals;flour;oil;waffles;seasonal products;napkins;house keeping products;photo/film;shopping bags}"
"4013","{bottled beer}"
"4014","{whole milk;frozen meals;soda;napkins;kitchen towels}"
"4015","{other vegetables;chewing gum}"
"4016","{whole milk;curd cheese}"
"4017","{finished products;beef;citrus fruit;pip fruit;root vegetables;whole milk;semi-finished bread;potato products;rice;soda;fruit/vegetable juice;candy;pot plants;shopping bags}"
"4018","{bottled beer}"
"4019","{beverages;frozen vegetables;soda;fruit/vegetable juice;popcorn;newspapers}"
"4020","{other vegetables}"
"4021","{canned beer}"
"4022","{canned beer}"
"4023","{rolls/buns}"
"4024","{beef}"
"4025","{citrus fruit;pip fruit;butter;rolls/buns;oil;soda;bottled beer;brandy;red/blush wine;sparkling wine}"
"4026","{rolls/buns;baking powder;soda}"
"4027","{specialty chocolate;light bulbs}"
"4028","{frankfurter;soda}"
"4029","{whole milk;waffles;napkins}"
"4030","{pip fruit;chewing gum}"
"4031","{tropical fruit;shopping bags}"
"4032","{liver loaf;citrus fruit;other vegetables;curd;salad dressing;semi-finished bread;abrasive cleaner}"
"4033","{citrus fruit;tropical fruit;root vegetables;other vegetables;yogurt;whipped/sour cream;frozen vegetables;ice cream;rolls/buns;salt;sugar;soda;napkins;newspapers}"
"4034","{frankfurter;pip fruit;onions;whole milk;curd;yogurt;pastry;Instant food products;kitchen utensil}"
"4035","{soft cheese;soda;white wine}"
"4036","{ham;root vegetables;onions;other vegetables;whole milk;whipped/sour cream;soft cheese;sliced cheese;hard cheese;cream cheese ;specialty cheese;domestic eggs;salt;canned fish;napkins}"
"4037","{whole milk;white wine}"
"4038","{other vegetables;rolls/buns;brown bread}"
"4039","{sausage;beverages;rolls/buns;misc. beverages;waffles;shopping bags}"
"4040","{yogurt;rolls/buns;instant coffee;soda;canned beer;waffles}"
"4041","{frozen meals}"
"4042","{pork;other vegetables;pot plants}"
"4043","{rolls/buns;chewing gum}"
"4044","{margarine;soda}"
"4045","{root vegetables;other vegetables;yogurt;UHT-milk;sugar;coffee;soda;misc. beverages;canned beer;dishes;newspapers}"
"4046","{pip fruit}"
"4047","{beef;pip fruit;whole milk;butter;curd;margarine;cat food;coffee;waffles}"
"4048","{pip fruit;whole milk;butter;whipped/sour cream;beverages;newspapers;flower (seeds)}"
"4049","{chicken;citrus fruit;root vegetables;other vegetables;brown bread;pastry;salty snack;napkins}"
"4050","{whole milk;butter;newspapers}"
"4051","{chicken;liquor (appetizer)}"
"4052","{sausage;citrus fruit;tropical fruit;other vegetables;whole milk;butter;whipped/sour cream;hard cheese;domestic eggs;dishes}"
"4053","{other vegetables;whole milk;bottled beer;newspapers}"
"4054","{tropical fruit;yogurt;UHT-milk;cream cheese ;processed cheese;rolls/buns;pastry;margarine;waffles;hygiene articles}"
"4055","{sausage;canned beer;shopping bags}"
"4056","{chicken;packaged fruit/vegetables;whole milk;curd;whipped/sour cream;frozen vegetables;frozen dessert;rolls/buns;white bread;brown bread;margarine;soda;long life bakery product;specialty chocolate;candy}"
"4057","{hamburger meat;mustard;soups;Instant food products;sweet spreads;soda;newspapers}"
"4058","{whole milk;yogurt;bottled water;canned beer}"
"4059","{citrus fruit;pip fruit;root vegetables;yogurt;margarine;dishes}"
"4060","{ham;tropical fruit;pip fruit;other vegetables;whole milk;yogurt;whipped/sour cream;spread cheese;curd cheese;ice cream;sugar;baking powder;fruit/vegetable juice;salty snack;waffles;decalcifier;hygiene articles;napkins;light bulbs}"
"4061","{whole milk;yogurt;whipped/sour cream;beverages;brown bread}"
"4062","{frankfurter}"
"4063","{white bread;long life bakery product;shopping bags}"
"4064","{sausage;citrus fruit;other vegetables;yogurt;whipped/sour cream;frozen meals;pasta;coffee;bottled water;shopping bags}"
"4065","{sliced cheese;hard cheese}"
"4066","{frankfurter;citrus fruit;onions;other vegetables;curd;whipped/sour cream;frozen dessert;domestic eggs;white bread;vinegar;baking powder}"
"4067","{yogurt;popcorn;cleaner;newspapers}"
"4068","{root vegetables;other vegetables;whole milk;hard cheese;rolls/buns;baking powder}"
"4069","{rolls/buns;sugar;coffee;canned beer;shopping bags}"
"4070","{berries;margarine;coffee;specialty bar;shopping bags}"
"4071","{rolls/buns}"
"4072","{beef;hamburger meat;whole milk;curd;yogurt;cream cheese ;spices;pickled vegetables;sweet spreads;cat food;soda;chocolate;cleaner}"
"4073","{chicken;turkey;whole milk;butter;curd;cream cheese }"
"4074","{sausage;meat;other vegetables;yogurt;whipped/sour cream;domestic eggs;semi-finished bread;instant coffee;bottled water;soda;bottled beer;newspapers;shopping bags}"
"4075","{rolls/buns}"
"4076","{rolls/buns;bottled beer}"
"4077","{sausage;whole milk;rolls/buns}"
"4078","{butter milk;pastry}"
"4079","{pork;root vegetables;whole milk;dog food;soda;hygiene articles;shopping bags}"
"4080","{pork;root vegetables;other vegetables;pastry;shopping bags}"
"4081","{sausage;hamburger meat;pip fruit;other vegetables;butter milk;mayonnaise;frozen vegetables;dental care}"
"4082","{soda}"
"4083","{tropical fruit;pip fruit;coffee;soda;fruit/vegetable juice;salty snack}"
"4084","{pip fruit;nuts/prunes;whole milk;yogurt;whipped/sour cream;cream cheese ;rolls/buns;waffles;chocolate;newspapers}"
"4085","{citrus fruit;domestic eggs}"
"4086","{semi-finished bread}"
"4087","{sausage;meat;pork;citrus fruit;curd;UHT-milk;brown bread;sugar;soda;fruit/vegetable juice;cookware;house keeping products}"
"4088","{tropical fruit;other vegetables;canned beer}"
"4089","{whole milk;whipped/sour cream;hard cheese;rolls/buns;semi-finished bread;pet care;newspapers}"
"4090","{berries;other vegetables;whole milk;sliced cheese;margarine;bottled water;pot plants}"
"4091","{ham;beef;whole milk;yogurt;cat food}"
"4092","{curd;white bread;pastry;soda;salty snack;popcorn;waffles;chewing gum;chocolate;specialty chocolate}"
"4093","{soda}"
"4094","{pot plants}"
"4095","{yogurt;coffee}"
"4096","{meat;pip fruit;root vegetables;whole milk;frozen vegetables}"
"4097","{citrus fruit;tropical fruit;whole milk;butter;curd;yogurt;whipped/sour cream;rolls/buns;pastry}"
"4098","{root vegetables}"
"4099","{whole milk}"
"4100","{coffee;soda;waffles}"
"4101","{whole milk;beverages;frozen vegetables;margarine;liquor (appetizer);newspapers}"
"4102","{whole milk;white bread;long life bakery product}"
"4103","{sausage;tropical fruit;whole milk}"
"4104","{whole milk;semi-finished bread}"
"4105","{frankfurter;chicken;beef;hamburger meat;tropical fruit;other vegetables;butter;curd;butter milk;yogurt;whipped/sour cream;UHT-milk;frozen vegetables;pastry;flour;margarine;canned fish;coffee;fruit/vegetable juice;salty snack;specialty chocolate}"
"4106","{fruit/vegetable juice}"
"4107","{meat;tropical fruit;root vegetables;other vegetables;whole milk;butter;whipped/sour cream;frozen meals;rolls/buns;hygiene articles}"
"4108","{other vegetables;yogurt;pastry;vinegar;bottled water;dishes}"
"4109","{frankfurter;root vegetables;butter;bottled beer;nut snack}"
"4110","{specialty cheese;frozen meals;soda;shopping bags}"
"4111","{yogurt;whipped/sour cream;UHT-milk;baking powder;bottled water;soda}"
"4112","{chicken;citrus fruit;whole milk;yogurt;mustard;cat food;soda;newspapers}"
"4113","{whole milk;long life bakery product;chocolate}"
"4114","{curd;whipped/sour cream;pudding powder;coffee;long life bakery product}"
"4115","{pastry;pot plants}"
"4116","{frankfurter;pork;UHT-milk;rolls/buns;canned fish;bottled water;soda}"
"4117","{chicken;white wine;shopping bags}"
"4118","{frozen dessert;bottled water}"
"4119","{tropical fruit;pip fruit;root vegetables;curd;yogurt;flour;margarine;sugar;bottled water;newspapers}"
"4120","{tropical fruit;pip fruit;whole milk;yogurt;ice cream;frozen dessert;domestic eggs;pastry;flour;margarine;coffee;cake bar;napkins;shopping bags}"
"4121","{sausage;pip fruit;rolls/buns;pastry;soda;fruit/vegetable juice;canned beer;salty snack;candy;hygiene articles}"
"4122","{whole milk;curd;rolls/buns}"
"4123","{finished products;bottled water;specialty bar;newspapers}"
"4124","{pork;whole milk;butter;yogurt;soft cheese;cream cheese ;coffee;pot plants}"
"4125","{beef;dessert;frozen vegetables;rice;long life bakery product;cling film/bags;shopping bags}"
"4126","{sausage;ham;other vegetables;beverages;mayonnaise;rolls/buns;soda;bottled beer;chocolate;chocolate marshmallow;candy}"
"4127","{citrus fruit;tropical fruit;root vegetables;other vegetables;whole milk;yogurt;oil;cat food;soda;misc. beverages;fruit/vegetable juice;newspapers}"
"4128","{pip fruit;whole milk;margarine;cocoa drinks;bottled water}"
"4129","{soda}"
"4130","{other vegetables;whole milk;specialty chocolate;candy;newspapers}"
"4131","{tropical fruit}"
"4132","{whole milk;fruit/vegetable juice;newspapers}"
"4133","{whole milk;cream cheese ;salty snack}"
"4134","{ham;domestic eggs;pastry;long life bakery product;waffles;specialty chocolate;dishes;shopping bags}"
"4135","{tropical fruit;other vegetables}"
"4136","{canned beer}"
"4137","{ham;onions;other vegetables;whole milk;whipped/sour cream;soft cheese;sliced cheese;brown bread;canned vegetables;sweet spreads;salty snack;specialty chocolate;dishes}"
"4138","{chicken;pork;frozen vegetables;soda;canned beer;liquor (appetizer);hygiene articles;newspapers}"
"4139","{grapes;butter;soft cheese;canned beer}"
"4140","{whole milk;pickled vegetables;bottled water;bottled beer;chocolate}"
"4141","{frankfurter;sausage;ham;tropical fruit;rolls/buns;pastry;chocolate;napkins}"
"4142","{curd}"
"4143","{bottled beer}"
"4144","{beef;root vegetables;jam;toilet cleaner}"
"4145","{citrus fruit;tropical fruit;other vegetables;whole milk;yogurt;beverages;cream cheese ;bottled water;pot plants}"
"4146","{UHT-milk;newspapers}"
"4147","{salty snack}"
"4148","{canned beer}"
"4149","{pork;pet care;newspapers}"
"4150","{domestic eggs;rolls/buns}"
"4151","{other vegetables;rolls/buns;pastry;bottled beer}"
"4152","{beef;citrus fruit;butter;fruit/vegetable juice}"
"4153","{sausage;pip fruit;oil;cat food;bottled water;soda;bottled beer;white wine}"
"4154","{dish cleaner}"
"4155","{frankfurter;tropical fruit;root vegetables;rolls/buns;mustard;canned fish;misc. beverages;bottled beer;shopping bags}"
"4156","{frankfurter;root vegetables;whipped/sour cream;rolls/buns;roll products ;salt;shopping bags}"
"4157","{frankfurter;sausage;pork;onions;other vegetables;rolls/buns;semi-finished bread;newspapers;shopping bags}"
"4158","{tropical fruit;pip fruit;yogurt;frozen vegetables;pastry;bottled beer}"
"4159","{frankfurter;chicken;pork;citrus fruit;tropical fruit;pip fruit;root vegetables;herbs;other vegetables;whole milk;butter milk;beverages;sliced cheese;frozen vegetables;roll products ;pasta}"
"4160","{other vegetables}"
"4161","{whole milk}"
"4162","{soda}"
"4163","{chicken;other vegetables;whipped/sour cream;sliced cheese;frozen vegetables;frozen meals;fruit/vegetable juice;long life bakery product;specialty chocolate}"
"4164","{other vegetables;whipped/sour cream;processed cheese;frozen fruits;domestic eggs;rolls/buns;cereals;dog food;specialty chocolate;chocolate marshmallow;napkins;shopping bags}"
"4165","{whole milk}"
"4166","{sausage;hamburger meat;other vegetables;yogurt;cream cheese ;meat spreads;bottled water;soda}"
"4167","{sausage;tropical fruit;whole milk;yogurt;whipped/sour cream;white bread;bottled water}"
"4168","{pork;root vegetables;onions;other vegetables;whole milk;butter;frozen vegetables;domestic eggs;rolls/buns;bottled beer;canned beer;napkins}"
"4169","{bottled water;misc. beverages}"
"4170","{butter milk;ice cream;long life bakery product;chewing gum;detergent}"
"4171","{soda;candy}"
"4172","{chicken;citrus fruit;berries;root vegetables;yogurt;soda}"
"4173","{frankfurter;tropical fruit;dessert;UHT-milk;frozen dessert;pastry;artif. sweetener;mustard;canned fruit;hygiene articles}"
"4174","{frankfurter;whole milk;frozen meals;domestic eggs;white bread;pastry;bottled beer;chocolate}"
"4175","{sausage;whole milk;butter;domestic eggs;white bread;margarine;candy;softener;flower (seeds);shopping bags}"
"4176","{chicken;pip fruit;frozen vegetables}"
"4177","{beverages;cream cheese ;rolls/buns;candy}"
"4178","{fruit/vegetable juice}"
"4179","{pork;whipped/sour cream;hard cheese;cream cheese ;spread cheese;mayonnaise;white bread;bottled water;soda;fruit/vegetable juice}"
"4180","{frankfurter;meat;pork;beef;hamburger meat;citrus fruit;root vegetables;other vegetables;whole milk;domestic eggs;brown bread;cat food}"
"4181","{soda}"
"4182","{whipped/sour cream;pet care;soda;canned beer;softener;shopping bags}"
"4183","{sausage;citrus fruit;root vegetables;other vegetables;whole milk;rolls/buns;brown bread;cat food;bottled water}"
"4184","{root vegetables;other vegetables;whole milk;margarine}"
"4185","{liquor}"
"4186","{frankfurter;root vegetables;onions;other vegetables;butter;domestic eggs;pasta;canned beer}"
"4187","{coffee}"
"4188","{butter;UHT-milk;frozen vegetables;ketchup;bottled water;soda;bottled beer}"
"4189","{soda;bottled beer;liquor}"
"4190","{seasonal products;shopping bags}"
"4191","{frankfurter;chicken;pork;beef;hamburger meat;tropical fruit;berries;whole milk;pastry;roll products ;oil;margarine;sugar;artif. sweetener;mustard;soups;cereals;jam;bottled water;bottled beer;candles;pot plants}"
"4192","{canned beer;white wine;specialty chocolate;seasonal products;shopping bags}"
"4193","{other vegetables;whole milk;butter;cream cheese ;brown bread;pastry;ready soups;seasonal products;hair spray;newspapers;shopping bags}"
"4194","{pastry;flour;sugar;baking powder;coffee;canned beer;shopping bags}"
"4195","{pet care;waffles}"
"4196","{baking powder;rum}"
"4197","{sausage}"
"4198","{sugar}"
"4199","{pet care}"
"4200","{pet care}"
"4201","{berries;whipped/sour cream;oil;dog food;liquor;dishes;shopping bags}"
"4202","{tropical fruit;rolls/buns}"
"4203","{soda}"
"4204","{beef;salty snack}"
"4205","{tropical fruit;other vegetables;whole milk;sliced cheese;frozen dessert;brown bread;pastry;semi-finished bread;canned fish;cat food;soda;napkins;newspapers;shopping bags}"
"4206","{finished products;chicken;citrus fruit;root vegetables;other vegetables;dessert;domestic eggs;spices;pickled vegetables;bottled water;soda;popcorn;chocolate marshmallow;detergent}"
"4207","{chewing gum}"
"4208","{curd;yogurt;whipped/sour cream;ice cream}"
"4209","{chicken;berries;other vegetables;pastry;roll products ;oil;sugar}"
"4210","{bottled beer}"
"4211","{herbs;whole milk;sliced cheese;rolls/buns;pastry;bottled water;waffles}"
"4212","{yogurt}"
"4213","{sausage;root vegetables;sugar;sweet spreads;fruit/vegetable juice;bottled beer;salty snack;shopping bags}"
"4214","{sausage;pip fruit;other vegetables;whole milk;butter;dessert;butter milk;yogurt;whipped/sour cream;hard cheese;mayonnaise;oil;mustard;baking powder;popcorn;long life bakery product;chocolate;candy}"
"4215","{tropical fruit;dessert;yogurt;syrup;hygiene articles}"
"4216","{white wine}"
"4217","{frankfurter;sausage;liver loaf;chicken;pork;root vegetables;whole milk;whipped/sour cream;sliced cheese;frozen vegetables;bottled water;fruit/vegetable juice;salty snack;long life bakery product}"
"4218","{canned beer}"
"4219","{chicken;citrus fruit;onions;other vegetables;whole milk;frozen fish;roll products ;flour;sugar;pickled vegetables}"
"4220","{turkey;citrus fruit;butter;whipped/sour cream;hard cheese;white bread}"
"4221","{curd cheese;rolls/buns;cake bar}"
"4222","{berries;root vegetables;other vegetables;butter milk;yogurt;mayonnaise;zwieback;shopping bags}"
"4223","{tropical fruit;root vegetables;other vegetables;whipped/sour cream;specialty cheese;rolls/buns;nut snack}"
"4224","{frankfurter;bottled beer;liquor}"
"4225","{coffee}"
"4226","{whole milk}"
"4227","{onions;whole milk}"
"4228","{domestic eggs;white bread;specialty fat;mustard;specialty vegetables}"
"4229","{other vegetables}"
"4230","{hamburger meat;citrus fruit;other vegetables;whole milk;butter;rolls/buns;baking powder;cooking chocolate;specialty chocolate;male cosmetics}"
"4231","{sausage;finished products;hamburger meat;citrus fruit;tropical fruit;pip fruit;other vegetables;butter;UHT-milk;specialty cheese;pastry;roll products ;pasta;organic products;baking powder;canned vegetables;cat food;chewing gum;chocolate;pot plants;flower (seeds)}"
"4232","{citrus fruit;other vegetables;whole milk;butter;pastry;oil;bottled water;bottled beer;detergent}"
"4233","{pork;citrus fruit;other vegetables;dessert;white bread;kitchen towels;candles;newspapers}"
"4234","{pork;whole milk;yogurt;UHT-milk;sliced cheese;ice cream;soda;fruit/vegetable juice;napkins}"
"4235","{root vegetables;onions;other vegetables;whole milk;butter;yogurt;soft cheese;domestic eggs;rice;bottled water;soda}"
"4236","{sausage;citrus fruit;root vegetables;whole milk;waffles;chocolate marshmallow}"
"4237","{bottled beer}"
"4238","{herbs;whole milk;yogurt;hard cheese;domestic eggs;flour;margarine;sugar;baking powder;canned fish;misc. beverages;canned beer}"
"4239","{soda;specialty bar}"
"4240","{tropical fruit;bottled water;bottled beer;hygiene articles}"
"4241","{sausage;citrus fruit;canned fish;waffles}"
"4242","{soda}"
"4243","{tropical fruit;chewing gum;specialty chocolate;chocolate marshmallow}"
"4244","{sausage}"
"4245","{whole milk;white bread;fruit/vegetable juice;long life bakery product;cake bar}"
"4246","{beverages;frozen meals;specialty bar;candy}"
"4247","{liver loaf;chicken;turkey;berries;packaged fruit/vegetables;whole milk;yogurt;cream cheese ;rolls/buns;pastry;bottled water;soda;bathroom cleaner}"
"4248","{frankfurter;sausage;pork;root vegetables;whole milk;yogurt;frozen meals;bottled beer}"
"4249","{yogurt;bottled water;soda;bottled beer;chocolate;female sanitary products}"
"4250","{other vegetables;canned fish;soda;shopping bags}"
"4251","{yogurt;bottled water}"
"4252","{whole milk;dessert;pastry;bottled water;soda;long life bakery product;chocolate;napkins;cling film/bags}"
"4253","{pork;rolls/buns;liquor;salty snack;popcorn}"
"4254","{berries}"
"4255","{berries}"
"4256","{other vegetables;whole milk;fruit/vegetable juice;chocolate}"
"4257","{chicken;beef;root vegetables;whole milk;curd;whipped/sour cream;flour;oil;sugar;salty snack}"
"4258","{root vegetables;other vegetables;mayonnaise;soda;chocolate;specialty chocolate}"
"4259","{tropical fruit}"
"4260","{citrus fruit;tropical fruit;coffee;soda;fruit/vegetable juice;canned beer;candy}"
"4261","{frankfurter;citrus fruit;berries;whole milk;yogurt;domestic eggs;salt;waffles;cake bar}"
"4262","{misc. beverages}"
"4263","{pip fruit;bottled water;soda;fruit/vegetable juice;canned beer;newspapers}"
"4264","{sausage;pastry;waffles}"
"4265","{rolls/buns;candy}"
"4266","{citrus fruit}"
"4267","{sausage;root vegetables;yogurt;brown bread}"
"4268","{syrup}"
"4269","{pip fruit;UHT-milk;semi-finished bread;cat food;bottled water;chocolate;candy;shopping bags}"
"4270","{whole milk;pastry;newspapers}"
"4271","{frankfurter;root vegetables;onions;canned beer}"
"4272","{other vegetables;yogurt;whipped/sour cream;jam;fruit/vegetable juice;chocolate;dishes;newspapers}"
"4273","{bottled water;canned beer;white wine}"
"4274","{whole milk;whipped/sour cream;rolls/buns;shopping bags}"
"4275","{whole milk;dessert;brown bread;specialty bar}"
"4276","{finished products;frozen meals;chocolate;shopping bags}"
"4277","{whole milk;rolls/buns}"
"4278","{pork;beef}"
"4279","{chocolate marshmallow}"
"4280","{root vegetables;other vegetables;whole milk;butter milk;processed cheese;margarine}"
"4281","{sausage;root vegetables;bottled beer;skin care}"
"4282","{sausage;organic sausage;pip fruit;butter;brown bread;soda}"
"4283","{bottled water;soda}"
"4284","{frankfurter}"
"4285","{pork;candy}"
"4286","{frozen meals;specialty bar}"
"4287","{tropical fruit;berries;whole milk;white bread;margarine;fruit/vegetable juice;hygiene articles;napkins;shopping bags}"
"4288","{ham;tropical fruit;whole milk;dessert;butter milk;yogurt;hard cheese;processed cheese;white bread;cat food;fruit/vegetable juice;napkins}"
"4289","{tropical fruit;other vegetables;butter;whipped/sour cream;semi-finished bread;vinegar;fruit/vegetable juice;chocolate;shopping bags}"
"4290","{whole milk;whipped/sour cream}"
"4291","{whole milk;curd;pastry;fruit/vegetable juice;newspapers}"
"4292","{misc. beverages}"
"4293","{finished products;fruit/vegetable juice;white wine;chocolate;pot plants}"
"4294","{berries;whole milk;butter;domestic eggs;cake bar}"
"4295","{other vegetables;bottled beer;canned beer;white wine;detergent;softener;newspapers}"
"4296","{berries;whipped/sour cream;cake bar}"
"4297","{onions;whole milk;butter;yogurt;frozen fish;fruit/vegetable juice}"
"4298","{yogurt}"
"4299","{berries;fruit/vegetable juice;waffles;specialty bar}"
"4300","{shopping bags}"
"4301","{whole milk;yogurt;bottled water}"
"4302","{turkey;pip fruit;other vegetables;dessert;brown bread;soda}"
"4303","{pip fruit;root vegetables;whole milk;yogurt;white bread;soda;chocolate;hygiene articles}"
"4304","{pip fruit;rolls/buns;bottled water;soda;newspapers}"
"4305","{other vegetables;whole milk;brown bread}"
"4306","{hamburger meat}"
"4307","{pork;root vegetables;other vegetables;whole milk;whipped/sour cream;domestic eggs;pastry;baking powder}"
"4308","{pastry;bottled water;newspapers}"
"4309","{newspapers}"
"4310","{canned beer}"
"4311","{ham;pork;whole milk;pastry;roll products ;flour;sweet spreads;soda;bottled beer}"
"4312","{whole milk;baking powder;waffles;cleaner;newspapers}"
"4313","{beef;whole milk;butter;yogurt;frozen vegetables;domestic eggs;rolls/buns;coffee;bottled beer;skin care}"
"4314","{pip fruit;other vegetables;curd;yogurt;whipped/sour cream;sugar;canned vegetables;fruit/vegetable juice}"
"4315","{beef;onions;whole milk;napkins}"
"4316","{seasonal products}"
"4317","{other vegetables;butter milk}"
"4318","{whole milk;cocoa drinks}"
"4319","{root vegetables;other vegetables;rolls/buns;light bulbs}"
"4320","{pork;frozen vegetables;oil}"
"4321","{pork;whole milk;UHT-milk;newspapers}"
"4322","{newspapers;flower soil/fertilizer}"
"4323","{rolls/buns}"
"4324","{beef;other vegetables;UHT-milk;margarine;fruit/vegetable juice;newspapers}"
"4325","{sausage;ham;whole milk;rolls/buns;fruit/vegetable juice;red/blush wine;chocolate;specialty chocolate;candy;house keeping products;shopping bags}"
"4326","{brown bread;soda;fruit/vegetable juice;bottled beer}"
"4327","{pork;whole milk;butter;curd cheese;frozen vegetables;rolls/buns;brown bread;pastry}"
"4328","{root vegetables;other vegetables}"
"4329","{hamburger meat;other vegetables;whole milk;pot plants}"
"4330","{root vegetables;herbs;other vegetables;whole milk;yogurt;rolls/buns;flour;margarine;cereals;fruit/vegetable juice;pot plants}"
"4331","{chewing gum}"
"4332","{other vegetables;whole milk;brown bread;canned beer}"
"4333","{tropical fruit;whole milk;curd;yogurt;whipped/sour cream;soft cheese;domestic eggs;napkins}"
"4334","{frankfurter;soda;newspapers}"
"4335","{canned beer}"
"4336","{chicken;beef;hamburger meat;pip fruit;grapes;root vegetables;whole milk;butter;dessert;yogurt;whipped/sour cream;cream cheese ;pastry;bottled water;fruit/vegetable juice}"
"4337","{whole milk}"
"4338","{citrus fruit;whole milk}"
"4339","{pork;tropical fruit;pip fruit;other vegetables;whipped/sour cream;beverages;white bread;bottled beer;kitchen towels}"
"4340","{whole milk;curd;baking powder}"
"4341","{hamburger meat;soft cheese;white bread;pastry}"
"4342","{soft cheese}"
"4343","{sausage;chicken;pork;beef;root vegetables;other vegetables;yogurt;mayonnaise;spices;chocolate;candles}"
"4344","{pork;root vegetables;yogurt;UHT-milk;vinegar;oil;soda;newspapers}"
"4345","{pork;beef;hamburger meat;other vegetables;whole milk;rolls/buns}"
"4346","{tropical fruit;pip fruit;root vegetables;other vegetables;whole milk;bottled water}"
"4347","{frankfurter;sausage;pork;onions;herbs;whole milk;sliced cheese;curd cheese;domestic eggs;rolls/buns;bottled beer;candy}"
"4348","{canned beer}"
"4349","{sausage;chicken;whole milk;butter;beverages;white wine}"
"4350","{root vegetables;soda;liquor}"
"4351","{soda}"
"4352","{canned beer}"
"4353","{bottled beer}"
"4354","{pork;root vegetables;other vegetables;whole milk;domestic eggs;pastry}"
"4355","{pip fruit;root vegetables;other vegetables;whole milk;rolls/buns;brown bread;canned beer;newspapers;pot plants}"
"4356","{brown bread}"
"4357","{other vegetables;curd}"
"4358","{beef;other vegetables;soft cheese;pastry;long life bakery product;specialty chocolate}"
"4359","{long life bakery product}"
"4360","{sausage;citrus fruit;other vegetables;specialty cheese;baking powder;bottled water;detergent;newspapers}"
"4361","{onions;whole milk;domestic eggs;rolls/buns;margarine;bottled water;newspapers}"
"4362","{pork;domestic eggs;roll products ;misc. beverages}"
"4363","{frankfurter;beef;grapes;other vegetables;bottled beer;red/blush wine;napkins;newspapers}"
"4364","{ham;UHT-milk;cream cheese ;coffee;bottled water;napkins}"
"4365","{tropical fruit;grapes}"
"4366","{rolls/buns;white bread;coffee}"
"4367","{frankfurter;hamburger meat;berries;onions;other vegetables;whole milk;curd;dessert;rolls/buns;cake bar;newspapers}"
"4368","{whole milk;butter;soft cheese}"
"4369","{other vegetables;whole milk;curd;cream cheese ;frozen vegetables;roll products ;sugar;soda;bottled beer;salty snack;popcorn}"
"4370","{root vegetables;onions;other vegetables}"
"4371","{rolls/buns;brown bread;soda}"
"4372","{pip fruit;root vegetables;onions;other vegetables;frozen vegetables;pastry}"
"4373","{rolls/buns}"
"4374","{frankfurter;chicken;root vegetables;whole milk;domestic eggs;canned fruit;flower (seeds)}"
"4375","{frankfurter;sausage;beef;tropical fruit;berries;root vegetables;other vegetables;whole milk;yogurt;beverages;soft cheese;specialty cheese;frozen fish;rolls/buns}"
"4376","{citrus fruit;tropical fruit;pip fruit;root vegetables;other vegetables}"
"4377","{pastry}"
"4378","{other vegetables;whole milk;frozen vegetables;semi-finished bread;vinegar;dog food;salty snack;long life bakery product;pot plants}"
"4379","{ham;whole milk;white bread;newspapers}"
"4380","{cat food;newspapers;shopping bags}"
"4381","{pork;citrus fruit;other vegetables;whole milk;butter;whipped/sour cream;ice cream;margarine;sugar;baking powder;coffee;newspapers}"
"4382","{citrus fruit;whole milk;yogurt;whipped/sour cream;rolls/buns}"
"4383","{sausage;whole milk;sliced cheese;rolls/buns;brown bread;bottled beer}"
"4384","{soda;cling film/bags;house keeping products}"
"4385","{citrus fruit;butter;condensed milk;frozen meals;margarine;male cosmetics;newspapers}"
"4386","{other vegetables;salt;sweet spreads}"
"4387","{ham;tropical fruit;white bread;pastry;waffles;specialty bar}"
"4388","{sausage;rolls/buns;shopping bags}"
"4389","{sausage;chicken;root vegetables;other vegetables;yogurt;whipped/sour cream;rolls/buns;pastry}"
"4390","{sausage;citrus fruit;yogurt;tidbits;domestic eggs;rolls/buns;meat spreads;soda}"
"4391","{sausage;ham;tropical fruit;whole milk;yogurt;spread cheese;rolls/buns;zwieback;long life bakery product;napkins;newspapers}"
"4392","{hygiene articles;house keeping products}"
"4393","{beef;citrus fruit;tropical fruit;whole milk;butter milk;frozen vegetables;rolls/buns;brown bread;pickled vegetables}"
"4394","{canned beer}"
"4395","{onions;other vegetables;whole milk;butter;butter milk;whipped/sour cream;ice cream;rolls/buns;bottled beer;long life bakery product;dental care;napkins;newspapers}"
"4396","{sausage;citrus fruit;root vegetables;other vegetables;rolls/buns;soda;fruit/vegetable juice;bottled beer;dental care}"
"4397","{sausage;other vegetables;rolls/buns;canned vegetables;coffee;soda;dish cleaner}"
"4398","{yogurt;rolls/buns;brown bread;salty snack;pot plants}"
"4399","{chicken;herbs;other vegetables;butter;brown bread;pastry;margarine;candy}"
"4400","{beef;hamburger meat;pip fruit;root vegetables;whole milk;butter milk;yogurt;whipped/sour cream;pasta;sugar;cereals}"
"4401","{UHT-milk;rolls/buns}"
"4402","{pork;margarine;dishes}"
"4403","{tropical fruit;berries;herbs;rice;shopping bags}"
"4404","{canned vegetables;white wine;newspapers;flower soil/fertilizer}"
"4405","{tropical fruit;root vegetables;other vegetables;yogurt;whipped/sour cream;rolls/buns;margarine;instant coffee;soda;newspapers}"
"4406","{sausage;chicken;whole milk;processed cheese;frozen vegetables;rolls/buns;rice;margarine;sugar;canned fruit;pickled vegetables;hygiene articles}"
"4407","{frankfurter;rolls/buns;dishes;shopping bags}"
"4408","{rolls/buns}"
"4409","{pickled vegetables;bottled water;fruit/vegetable juice;newspapers}"
"4410","{citrus fruit;root vegetables;other vegetables;whole milk;butter;curd;oil;canned vegetables;hygiene articles;newspapers}"
"4411","{potato products;bottled water;soda;bottled beer}"
"4412","{turkey;root vegetables;other vegetables;whole milk;rolls/buns;bottled water;detergent;dishes}"
"4413","{sausage;UHT-milk;pastry;margarine;canned fish;cat food;waffles}"
"4414","{white wine;red/blush wine}"
"4415","{hamburger meat;citrus fruit;herbs;other vegetables;whole milk;butter;domestic eggs;pasta;Instant food products;canned fruit;pickled vegetables;bottled water;misc. beverages;bottled beer;hygiene articles}"
"4416","{chicken;root vegetables;onions;other vegetables;whole milk;butter;yogurt;hard cheese;specialty cheese;rice;sugar}"
"4417","{turkey;tropical fruit;pip fruit;root vegetables;herbs;other vegetables;packaged fruit/vegetables;whole milk;butter milk;yogurt;specialty cheese;rolls/buns;oil;cat food;coffee;bottled water;fruit/vegetable juice;candy;dish cleaner}"
"4418","{dessert;cat food;newspapers}"
"4419","{tropical fruit;whole milk;butter;domestic eggs;bottled water;misc. beverages;canned beer;liqueur}"
"4420","{beef;citrus fruit;tropical fruit;pip fruit;berries;root vegetables;other vegetables;whole milk;dessert;sliced cheese;rolls/buns;flour;sugar;pickled vegetables;tea;soda;bottled beer;chocolate;napkins;newspapers}"
"4421","{pork;beef;root vegetables;other vegetables;frozen vegetables;margarine;white wine}"
"4422","{white bread}"
"4423","{root vegetables;whole milk;honey;pudding powder;newspapers}"
"4424","{frankfurter;bottled beer}"
"4425","{citrus fruit;baking powder;sweet spreads;nut snack}"
"4426","{rolls/buns;pastry}"
"4427","{tropical fruit;whole milk;curd;yogurt;rolls/buns;specialty bar}"
"4428","{cream cheese ;fruit/vegetable juice}"
"4429","{sausage;ham;pork;other vegetables;whole milk;dessert;whipped/sour cream;semi-finished bread;pudding powder;fruit/vegetable juice;salty snack;long life bakery product}"
"4430","{turkey;pork;citrus fruit;pip fruit;frozen meals;waffles;chocolate;hygiene articles;shopping bags}"
"4431","{frankfurter;sausage;liver loaf;beef;tropical fruit;pip fruit;root vegetables;onions;whole milk;butter;yogurt;whipped/sour cream;sliced cheese;cream cheese ;frozen meals;frozen potato products;domestic eggs;rolls/buns;roll products ;salt;rice;margarine;jam;coffee;long life bakery product;waffles;hygiene articles}"
"4432","{chicken;pork;whole milk;coffee;soda;canned beer;napkins;newspapers}"
"4433","{tropical fruit;root vegetables;whole milk;whipped/sour cream;frozen vegetables;domestic eggs;red/blush wine}"
"4434","{chicken;pork;citrus fruit;berries;yogurt}"
"4435","{root vegetables;yogurt;brown bread;pastry;flour;bottled water;pot plants}"
"4436","{chicken;tropical fruit;rolls/buns;pastry;bottled water;red/blush wine;chocolate;newspapers}"
"4437","{bottled beer;shopping bags}"
"4438","{ketchup}"
"4439","{canned beer}"
"4440","{tropical fruit;whole milk;domestic eggs;pastry;margarine;coffee;dental care;hygiene articles;cling film/bags}"
"4441","{beef;citrus fruit;root vegetables;specialty chocolate}"
"4442","{whole milk;rolls/buns}"
"4443","{bottled water;soda}"
"4444","{pork;pip fruit;root vegetables;other vegetables;curd;butter milk;margarine;newspapers}"
"4445","{pork;tropical fruit;root vegetables;whipped/sour cream;frozen vegetables;roll products }"
"4446","{pip fruit;other vegetables;yogurt;whipped/sour cream;domestic eggs;brown bread;specialty vegetables;coffee;specialty chocolate;pot plants}"
"4447","{specialty chocolate}"
"4448","{citrus fruit;tropical fruit;pip fruit;other vegetables;yogurt;UHT-milk;cream cheese ;fruit/vegetable juice;hygiene articles;pot plants}"
"4449","{frankfurter;turkey;citrus fruit;whole milk;curd;frozen potato products;rolls/buns;white bread;pastry;semi-finished bread;pickled vegetables;sweet spreads;bottled water;soda;fruit/vegetable juice;bottled beer;white wine;prosecco;chocolate;candy}"
"4450","{sausage;beef;tropical fruit;other vegetables;butter;yogurt;UHT-milk;condensed milk;sliced cheese;salt;soups;sweet spreads;newspapers}"
"4451","{root vegetables;other vegetables;whole milk;sliced cheese;rolls/buns;cat food;shopping bags}"
"4452","{root vegetables}"
"4453","{tropical fruit;UHT-milk;brown bread;Instant food products;napkins}"
"4454","{pip fruit;root vegetables;ice cream;rolls/buns;syrup;canned beer}"
"4455","{sausage;tropical fruit;whole milk;dessert;butter milk;yogurt;soft cheese;sliced cheese;ice cream;white bread;coffee;soda;salty snack;long life bakery product;chewing gum;chocolate;napkins;newspapers;shopping bags}"
"4456","{curd;yogurt;domestic eggs;white bread;instant coffee;long life bakery product}"
"4457","{beef;root vegetables;other vegetables;whole milk;curd;cream;domestic eggs;soda;fruit/vegetable juice}"
"4458","{frankfurter;root vegetables;bottled water;canned beer;hygiene articles}"
"4459","{root vegetables;other vegetables;UHT-milk;hard cheese;rolls/buns;sweet spreads;salty snack;popcorn;waffles;cake bar;specialty bar}"
"4460","{frankfurter;pip fruit;root vegetables;other vegetables;whole milk;butter milk;organic products;soda}"
"4461","{hamburger meat;root vegetables;other vegetables;whole milk;soft cheese;house keeping products;newspapers}"
"4462","{vinegar;bottled beer}"
"4463","{tropical fruit;grapes;root vegetables;other vegetables;rolls/buns;tea;bottled beer}"
"4464","{pip fruit}"
"4465","{citrus fruit;curd;semi-finished bread;mustard}"
"4466","{fruit/vegetable juice;seasonal products}"
"4467","{frankfurter;meat;chicken;ice cream;domestic eggs;pastry;pasta;sugar;coffee;newspapers}"
"4468","{whole milk;domestic eggs;oil}"
"4469","{hamburger meat;pastry;misc. beverages}"
"4470","{long life bakery product;candy}"
"4471","{soda;chocolate}"
"4472","{hamburger meat;pip fruit;root vegetables;other vegetables;whole milk;whipped/sour cream;cream cheese ;brown bread;soups;sauces}"
"4473","{frankfurter;whipped/sour cream;coffee}"
"4474","{hard cheese;pastry}"
"4475","{newspapers}"
"4476","{chicken;pork;other vegetables;whole milk;bottled water}"
"4477","{soft cheese;rolls/buns;brown bread;syrup;newspapers;shopping bags}"
"4478","{pip fruit;coffee}"
"4479","{tropical fruit;pip fruit;grapes;whole milk}"
"4480","{hamburger meat;grapes;root vegetables;other vegetables;softener;kitchen towels;pot plants}"
"4481","{finished products;cat food;shopping bags}"
"4482","{pot plants}"
"4483","{whole milk}"
"4484","{tropical fruit;root vegetables;rolls/buns;newspapers}"
"4485","{whole milk;butter;yogurt;rolls/buns;candles;newspapers}"
"4486","{bottled beer}"
"4487","{whole milk;curd;whipped/sour cream}"
"4488","{frankfurter;other vegetables;cream cheese ;sweet spreads;long life bakery product;napkins}"
"4489","{citrus fruit;tropical fruit}"
"4490","{hamburger meat;condensed milk;pastry;fruit/vegetable juice;salty snack;candles}"
"4491","{cream}"
"4492","{sausage;other vegetables;whole milk;dessert;domestic eggs;rolls/buns;white bread;bottled water;soda;chocolate;detergent;shopping bags}"
"4493","{yogurt;UHT-milk;frozen dessert;bottled water;bottled beer}"
"4494","{sausage;root vegetables;other vegetables;whole milk;oil;mustard;specialty chocolate;newspapers}"
"4495","{bottled beer}"
"4496","{misc. beverages}"
"4497","{pickled vegetables}"
"4498","{chicken}"
"4499","{chicken;beef;root vegetables;other vegetables;whole milk;whipped/sour cream;pasta;soda}"
"4500","{herbs;whole milk;pastry}"
"4501","{frankfurter;chocolate}"
"4502","{soda}"
"4503","{white bread;brown bread}"
"4504","{chicken;pork;other vegetables;UHT-milk;white bread;pastry;pasta;soda;specialty bar}"
"4505","{beef;root vegetables;other vegetables;whole milk;domestic eggs;rolls/buns;brown bread;soda;fruit/vegetable juice;red/blush wine;snack products;dishes;light bulbs;shopping bags}"
"4506","{root vegetables;packaged fruit/vegetables;rolls/buns;sugar;liquor}"
"4507","{soda}"
"4508","{yogurt;canned vegetables;pot plants}"
"4509","{white bread;bottled water;soda;bottled beer}"
"4510","{syrup}"
"4511","{whole milk;sugar;cling film/bags}"
"4512","{salt;candy}"
"4513","{whole milk;frozen vegetables;frozen meals;cereals;bottled beer}"
"4514","{other vegetables;yogurt;whipped/sour cream;newspapers}"
"4515","{sausage;rolls/buns;fruit/vegetable juice}"
"4516","{other vegetables;dessert;cream cheese ;rolls/buns;white bread;margarine;salty snack;waffles;specialty bar;female sanitary products;newspapers}"
"4517","{fish;tropical fruit;pip fruit;berries;whole milk;curd;yogurt;whipped/sour cream;condensed milk;instant coffee;long life bakery product;cake bar;napkins}"
"4518","{pip fruit;beverages;frozen vegetables;frozen meals;bottled water;soda;salty snack}"
"4519","{citrus fruit;tropical fruit;pip fruit;root vegetables;onions;other vegetables;whole milk;yogurt;rolls/buns;brown bread;soda;fruit/vegetable juice}"
"4520","{dishes}"
"4521","{meat;curd;yogurt;ice cream;oil;canned fish;soda;fruit/vegetable juice;seasonal products}"
"4522","{pork;onions;other vegetables;whole milk;curd;butter milk;whipped/sour cream;rolls/buns;liquor (appetizer);salty snack;waffles;newspapers}"
"4523","{sausage;pip fruit;root vegetables;whole milk;yogurt;frozen potato products;pasta;bottled water;fruit/vegetable juice}"
"4524","{pip fruit;root vegetables;UHT-milk;condensed milk;margarine;sugar;pudding powder;cocoa drinks;fruit/vegetable juice;chocolate}"
"4525","{bottled water}"
"4526","{whole milk;hard cheese;sugar}"
"4527","{onions}"
"4528","{liver loaf;pip fruit;root vegetables;frozen vegetables;salty snack}"
"4529","{meat;root vegetables;other vegetables;fruit/vegetable juice;white wine}"
"4530","{root vegetables;soda;red/blush wine;prosecco;waffles}"
"4531","{citrus fruit;tropical fruit;root vegetables;other vegetables;whole milk}"
"4532","{soda;detergent}"
"4533","{bottled beer}"
"4534","{dessert;cream cheese ;mayonnaise;domestic eggs;pastry;canned fish;chocolate;cleaner;female sanitary products}"
"4535","{bottled beer}"
"4536","{roll products ;dog food;soda;fruit/vegetable juice;bottled beer;napkins}"
"4537","{sausage;whole milk;condensed milk;semi-finished bread;cat food}"
"4538","{yogurt;margarine;newspapers}"
"4539","{chicken;root vegetables;whole milk;butter;yogurt;sparkling wine;chocolate;softener;female sanitary products;napkins;kitchen towels;house keeping products;newspapers}"
"4540","{meat;pork;pip fruit;root vegetables;other vegetables;whole milk;hard cheese;white bread;pasta;margarine;ketchup;cocoa drinks;chocolate;cling film/bags}"
"4541","{citrus fruit;berries;butter;butter milk;yogurt;sliced cheese;frozen vegetables;frozen chicken;soda}"
"4542","{butter milk;cream cheese ;rolls/buns;misc. beverages;newspapers}"
"4543","{nuts/prunes;other vegetables;whole milk;ice cream;soda;newspapers}"
"4544","{root vegetables;other vegetables;bottled beer}"
"4545","{bottled beer}"
"4546","{chicken;other vegetables;frozen vegetables;canned beer;shopping bags}"
"4547","{butter;curd}"
"4548","{tropical fruit;processed cheese;domestic eggs;soda;bottled beer}"
"4549","{root vegetables;other vegetables;whole milk;whipped/sour cream;hard cheese;frozen vegetables;cat food;dishes;newspapers}"
"4550","{tropical fruit;other vegetables;rolls/buns;salt;margarine;soda;bottled beer;salty snack}"
"4551","{sausage;hamburger meat;citrus fruit;whole milk;pasta;soda;chewing gum;detergent;hygiene articles;kitchen towels}"
"4552","{bottled water}"
"4553","{salty snack;dental care}"
"4554","{beef;other vegetables;chocolate;newspapers;shopping bags}"
"4555","{whole milk;instant coffee;soda}"
"4556","{ham;other vegetables;whole milk;domestic eggs;sweet spreads;misc. beverages;salty snack;hygiene articles;shopping bags}"
"4557","{mayonnaise;candy;newspapers}"
"4558","{frankfurter;ham;other vegetables;processed cheese;rolls/buns;white bread;potato products;coffee;bottled beer;long life bakery product}"
"4559","{hamburger meat;butter;zwieback;Instant food products;soda;misc. beverages}"
"4560","{whipped/sour cream;domestic eggs;candles}"
"4561","{candles}"
"4562","{beverages;misc. beverages}"
"4563","{tropical fruit;pip fruit;yogurt;frozen vegetables;artif. sweetener}"
"4564","{yogurt;bottled water}"
"4565","{whole milk;dessert;whipped/sour cream;ice cream;coffee;soda;bottled beer}"
"4566","{sausage;tropical fruit;other vegetables;butter;butter milk;whipped/sour cream;cream;processed cheese;ice cream;white bread;spices;soda;fruit/vegetable juice;salty snack}"
"4567","{bottled water}"
"4568","{canned beer}"
"4569","{tropical fruit;whole milk;yogurt;whipped/sour cream;rolls/buns;cocoa drinks;bottled water;bottled beer;specialty chocolate}"
"4570","{bottled beer}"
"4571","{pork;root vegetables;herbs;other vegetables;whole milk;processed cheese;domestic eggs;margarine;fruit/vegetable juice;hygiene articles}"
"4572","{salty snack;candy}"
"4573","{rolls/buns}"
"4574","{citrus fruit;other vegetables}"
"4575","{sausage;tropical fruit;other vegetables;whole milk;domestic eggs;white wine;detergent;softener}"
"4576","{tropical fruit;fruit/vegetable juice;candy}"
"4577","{whole milk}"
"4578","{canned beer}"
"4579","{whole milk;whipped/sour cream;pudding powder}"
"4580","{rolls/buns}"
"4581","{sausage;soda;fruit/vegetable juice;salty snack;chewing gum;shopping bags}"
"4582","{tropical fruit;ice cream;frozen dessert}"
"4583","{bottled beer}"
"4584","{domestic eggs;canned beer;shopping bags}"
"4585","{soda;canned beer}"
"4586","{whole milk;dessert;pastry;Instant food products;canned fish;soda;bottled beer;red/blush wine;napkins;candles}"
"4587","{tropical fruit;packaged fruit/vegetables}"
"4588","{ham;hamburger meat;whole milk;processed cheese;white bread;potato products;artif. sweetener;instant coffee;bottled water;soda;fruit/vegetable juice;salty snack;specialty bar;detergent;shopping bags}"
"4589","{brandy;liquor (appetizer)}"
"4590","{hard cheese}"
"4591","{bottled beer;shopping bags}"
"4592","{other vegetables;UHT-milk;cream}"
"4593","{finished products;citrus fruit;tropical fruit;grapes;berries;root vegetables;other vegetables;whole milk;spread cheese;brown bread;pastry;potato products;fruit/vegetable juice;chocolate;pot plants;shopping bags}"
"4594","{misc. beverages}"
"4595","{canned beer}"
"4596","{yogurt;cream cheese ;rolls/buns;chocolate}"
"4597","{bottled water}"
"4598","{tropical fruit;butter milk;baking powder}"
"4599","{frankfurter;curd;frozen potato products;soda;dish cleaner}"
"4600","{yogurt;pastry}"
"4601","{bottled beer;liquor (appetizer);dishes}"
"4602","{tropical fruit;yogurt;cream cheese }"
"4603","{UHT-milk;brown bread;newspapers}"
"4604","{citrus fruit;pip fruit;pickled vegetables;bottled water;newspapers}"
"4605","{newspapers}"
"4606","{soda;canned beer;red/blush wine}"
"4607","{tropical fruit;dessert;bottled water;soda;bottled beer;white wine;napkins}"
"4608","{bottled water;bottled beer}"
"4609","{canned beer;chewing gum}"
"4610","{onions;other vegetables;whole milk;yogurt;domestic eggs;pastry;dishes;shopping bags}"
"4611","{pastry;soda}"
"4612","{tropical fruit;yogurt;sliced cheese;brown bread;margarine;bottled water;soda;candy;newspapers}"
"4613","{hamburger meat;other vegetables;whole milk;spread cheese;soda;canned beer;chocolate;specialty bar}"
"4614","{pip fruit;whole milk;coffee;bottled water;fruit/vegetable juice;bottled beer}"
"4615","{soda}"
"4616","{pork;tropical fruit;pip fruit;whole milk;whipped/sour cream;detergent;softener;napkins;shopping bags}"
"4617","{rolls/buns}"
"4618","{whipped/sour cream;rolls/buns}"
"4619","{soda;long life bakery product}"
"4620","{butter;sliced cheese;frozen meals;pastry;soda;fruit/vegetable juice;chocolate;specialty bar}"
"4621","{canned beer}"
"4622","{tropical fruit;whole milk;butter milk;UHT-milk;rolls/buns}"
"4623","{whole milk;beverages;bottled water;newspapers}"
"4624","{yogurt;soda;waffles}"
"4625","{sausage;yogurt;pastry;canned fish;shopping bags}"
"4626","{frankfurter;other vegetables;whole milk;butter;rolls/buns;margarine;Instant food products;canned beer;detergent}"
"4627","{meat;root vegetables;other vegetables;yogurt;whipped/sour cream;hard cheese;frozen fruits;ice cream;domestic eggs;sweet spreads;long life bakery product;shopping bags}"
"4628","{canned beer}"
"4629","{tropical fruit;berries;root vegetables;other vegetables;yogurt;cream cheese ;rolls/buns;soda;shopping bags}"
"4630","{yogurt;processed cheese;frozen vegetables;rolls/buns}"
"4631","{newspapers}"
"4632","{condensed milk;rolls/buns;sugar;coffee}"
"4633","{pip fruit}"
"4634","{coffee}"
"4635","{sausage;root vegetables;whole milk;butter milk;yogurt;rolls/buns;pastry}"
"4636","{whole milk;photo/film}"
"4637","{frankfurter;sausage;citrus fruit;pip fruit;margarine}"
"4638","{canned beer}"
"4639","{whole milk;butter;yogurt;beverages;dishes}"
"4640","{rolls/buns;soda}"
"4641","{pip fruit;rolls/buns}"
"4642","{canned beer}"
"4643","{citrus fruit;tropical fruit;pip fruit;grapes;root vegetables;other vegetables;rolls/buns;pastry;jam;cat food}"
"4644","{butter;yogurt;cream cheese ;spread cheese;rolls/buns;bottled water;soda;fruit/vegetable juice;newspapers}"
"4645","{tropical fruit;brown bread}"
"4646","{citrus fruit;dessert;photo/film}"
"4647","{citrus fruit;pip fruit;whole milk;margarine}"
"4648","{butter;sliced cheese;frozen meals;rolls/buns;brown bread;canned fruit;fruit/vegetable juice;long life bakery product}"
"4649","{seasonal products;photo/film}"
"4650","{brown bread}"
"4651","{newspapers}"
"4652","{tropical fruit;pip fruit;whole milk;curd;yogurt;brown bread;pastry;cereals}"
"4653","{rolls/buns;bottled water;soda}"
"4654","{sausage;rolls/buns;mustard;soda}"
"4655","{sausage;liquor (appetizer)}"
"4656","{whole milk;yogurt}"
"4657","{pip fruit;beverages;pastry;hygiene articles}"
"4658","{yogurt;bottled water}"
"4659","{yogurt;cream cheese ;rolls/buns}"
"4660","{sausage;citrus fruit;butter;domestic eggs;rolls/buns;margarine;soda}"
"4661","{citrus fruit;yogurt;hygiene articles}"
"4662","{UHT-milk;condensed milk;coffee;cling film/bags}"
"4663","{sausage;long life bakery product}"
"4664","{whole milk;brown bread;pastry;pasta;margarine;sugar;soda;canned beer}"
"4665","{citrus fruit;other vegetables;whole milk;mayonnaise;rolls/buns;waffles}"
"4666","{pork;citrus fruit;pip fruit;other vegetables;whole milk;pudding powder}"
"4667","{pip fruit;cream cheese ;cookware}"
"4668","{canned beer}"
"4669","{canned beer;newspapers}"
"4670","{dog food}"
"4671","{salty snack}"
"4672","{root vegetables;whipped/sour cream;oil;pet care}"
"4673","{meat;other vegetables;whole milk;rolls/buns;sugar;coffee;bottled water;fruit/vegetable juice}"
"4674","{whole milk;rolls/buns;brown bread;bottled water;bottled beer}"
"4675","{rolls/buns}"
"4676","{pork;root vegetables;pasta}"
"4677","{other vegetables;cake bar}"
"4678","{whole milk;shopping bags}"
"4679","{bottled water;soda}"
"4680","{sausage;citrus fruit;other vegetables;whipped/sour cream;frozen vegetables;margarine;bottled beer;hygiene articles}"
"4681","{beef;whole milk;curd;yogurt;hard cheese;domestic eggs;rolls/buns;white bread;oil;misc. beverages;cling film/bags;house keeping products}"
"4682","{organic sausage;turkey;tropical fruit;pip fruit;root vegetables;other vegetables;whole milk;dessert;butter milk;yogurt;cream cheese ;processed cheese;white bread;sauces;bottled beer;waffles;candy}"
"4683","{frozen meals;canned fruit}"
"4684","{mustard}"
"4685","{yogurt}"
"4686","{meat;pip fruit;dessert;processed cheese;domestic eggs;rolls/buns;white bread;brown bread;pastry;semi-finished bread;candy;cookware}"
"4687","{tropical fruit;root vegetables;other vegetables;whole milk;yogurt;soft cheese;domestic eggs;rolls/buns;margarine;mustard;bottled water}"
"4688","{pip fruit;yogurt}"
"4689","{rolls/buns;shopping bags}"
"4690","{root vegetables}"
"4691","{tropical fruit;berries;whipped/sour cream;rolls/buns;pickled vegetables;coffee;soda;long life bakery product}"
"4692","{whipped/sour cream;pastry;bottled water}"
"4693","{sausage;hamburger meat;citrus fruit;whole milk;yogurt;white bread}"
"4694","{frankfurter;sausage;rolls/buns;soda;liquor;shopping bags}"
"4695","{meat;root vegetables;other vegetables;whipped/sour cream;frozen meals;ice cream}"
"4696","{whole milk;canned beer}"
"4697","{chicken;pork;tropical fruit;whipped/sour cream;oil;coffee;soda;shopping bags}"
"4698","{long life bakery product;house keeping products}"
"4699","{cream cheese ;oil;canned beer;waffles;hygiene articles;candles}"
"4700","{whole milk;brown bread;bottled beer;newspapers}"
"4701","{citrus fruit;onions;beverages;margarine;bottled beer;napkins}"
"4702","{tropical fruit;brown bread;pastry}"
"4703","{sausage;hard cheese;rolls/buns;specialty fat;mustard;long life bakery product;seasonal products;napkins;dishes}"
"4704","{whole milk;coffee}"
"4705","{soups}"
"4706","{citrus fruit;pip fruit;root vegetables;whole milk;oil}"
"4707","{beef;root vegetables;other vegetables;frozen vegetables;ice cream;rolls/buns;sugar}"
"4708","{canned beer}"
"4709","{tropical fruit}"
"4710","{beverages;sauces;sweet spreads;pot plants}"
"4711","{canned beer}"
"4712","{meat;pork;tropical fruit;root vegetables;other vegetables}"
"4713","{cream cheese ;rolls/buns}"
"4714","{meat;other vegetables;whole milk;rolls/buns;shopping bags}"
"4715","{sausage;tropical fruit;pip fruit;curd;beverages;bottled beer}"
"4716","{frankfurter;sausage;tropical fruit;root vegetables;whole milk;sliced cheese;frozen vegetables;mustard;pickled vegetables;salty snack}"
"4717","{sausage;UHT-milk;bottled beer;kitchen towels}"
"4718","{whole milk;butter;sugar;bottled beer}"
"4719","{whole milk;soft cheese;sliced cheese;domestic eggs;rolls/buns}"
"4720","{frozen vegetables;frozen meals}"
"4721","{root vegetables;other vegetables;yogurt;flower (seeds)}"
"4722","{pip fruit;other vegetables;whole milk;yogurt;pasta;oil}"
"4723","{bottled water}"
"4724","{soda}"
"4725","{liver loaf;chicken;other vegetables;frozen vegetables;margarine;detergent;softener}"
"4726","{citrus fruit;pip fruit;whole milk;cream cheese ;sweet spreads;long life bakery product;cake bar;napkins}"
"4727","{dish cleaner}"
"4728","{citrus fruit;curd;UHT-milk}"
"4729","{ham;whole milk;rolls/buns}"
"4730","{hamburger meat;margarine;soda;bathroom cleaner}"
"4731","{pork;other vegetables;whole milk;frozen potato products;flour;oil}"
"4732","{nuts/prunes;other vegetables;rum}"
"4733","{canned beer}"
"4734","{sausage;rolls/buns}"
"4735","{rolls/buns;canned beer}"
"4736","{sausage;soda;specialty chocolate}"
"4737","{rolls/buns;Instant food products}"
"4738","{frozen vegetables;bottled water}"
"4739","{pip fruit;whole milk;white bread;brown bread;margarine;sweet spreads;fruit/vegetable juice;newspapers}"
"4740","{whole milk;fruit/vegetable juice}"
"4741","{frankfurter;other vegetables;whipped/sour cream;specialty cheese;domestic eggs;rolls/buns;hygiene articles;napkins}"
"4742","{other vegetables;soft cheese}"
"4743","{white bread;bottled beer;newspapers}"
"4744","{citrus fruit}"
"4745","{whole milk;rolls/buns;chewing gum}"
"4746","{frankfurter;sausage;berries;butter;yogurt;whipped/sour cream;cream cheese ;domestic eggs;margarine;shopping bags}"
"4747","{beverages;chocolate}"
"4748","{red/blush wine}"
"4749","{soda}"
"4750","{sausage;yogurt;pastry;cat food}"
"4751","{finished products;candy}"
"4752","{pastry;oil;bottled beer;chocolate;specialty chocolate}"
"4753","{specialty chocolate;photo/film}"
"4754","{tropical fruit;pip fruit;root vegetables;liquor;detergent;dishes;newspapers}"
"4755","{bottled beer;white wine}"
"4756","{skin care;napkins}"
"4757","{condensed milk;rolls/buns}"
"4758","{root vegetables;canned beer}"
"4759","{pip fruit;whole milk;ready soups;canned fish;soda}"
"4760","{root vegetables;other vegetables;whole milk;soups;bottled beer}"
"4761","{sausage;whole milk;frozen vegetables;frozen meals;domestic eggs;rolls/buns;fruit/vegetable juice;cake bar}"
"4762","{bottled beer}"
"4763","{brown bread;canned beer;detergent;softener}"
"4764","{hard cheese;Instant food products}"
"4765","{soda}"
"4766","{soda;bottled beer;liquor;red/blush wine;napkins}"
"4767","{whole milk;butter;cat food}"
"4768","{frankfurter;rolls/buns}"
"4769","{tropical fruit;pip fruit;sugar;napkins;cling film/bags;shopping bags}"
"4770","{liver loaf;root vegetables;onions;UHT-milk;cream cheese ;soda;flower (seeds)}"
"4771","{yogurt;fruit/vegetable juice}"
"4772","{soda;long life bakery product}"
"4773","{root vegetables;other vegetables;yogurt;baking powder;brandy;shopping bags}"
"4774","{hamburger meat;tropical fruit;other vegetables;whole milk;butter;yogurt;whipped/sour cream;hard cheese;white bread;Instant food products;tea;soda;bottled beer;specialty bar}"
"4775","{pip fruit;butter milk;soda}"
"4776","{bottled beer}"
"4777","{pip fruit;soda;chewing gum}"
"4778","{tropical fruit;butter;rolls/buns;canned fish;dog food;shopping bags}"
"4779","{dessert;waffles}"
"4780","{whole milk;rolls/buns;pastry;newspapers}"
"4781","{liver loaf;root vegetables;other vegetables;whole milk;frozen vegetables;margarine}"
"4782","{frankfurter;whole milk;rolls/buns;salt}"
"4783","{dessert}"
"4784","{root vegetables;other vegetables;whole milk;frozen fish;honey;Instant food products;canned fish;dishes}"
"4785","{cream cheese ;instant coffee;salty snack;waffles;kitchen towels;shopping bags}"
"4786","{canned beer}"
"4787","{whole milk;pastry}"
"4788","{rolls/buns;dishes}"
"4789","{canned beer}"
"4790","{sausage;yogurt;rolls/buns}"
"4791","{canned beer}"
"4792","{liquor}"
"4793","{yogurt}"
"4794","{soups;canned vegetables;chocolate}"
"4795","{whole milk;yogurt;cream cheese ;rolls/buns;roll products ;chocolate}"
"4796","{sausage;pickled vegetables;soda;skin care;shopping bags}"
"4797","{rolls/buns;pastry;sugar}"
"4798","{pork;pip fruit;packaged fruit/vegetables;dessert;frozen vegetables;pasta;margarine;chocolate marshmallow;detergent;softener}"
"4799","{curd;soda;cake bar}"
"4800","{rolls/buns;coffee}"
"4801","{frankfurter;whole milk;butter;dessert}"
"4802","{bottled water}"
"4803","{soda}"
"4804","{meat;frozen meals;fruit/vegetable juice}"
"4805","{turkey;tropical fruit;yogurt;rolls/buns}"
"4806","{coffee}"
"4807","{rolls/buns;red/blush wine}"
"4808","{citrus fruit;specialty fat}"
"4809","{canned beer}"
"4810","{pastry}"
"4811","{frozen meals}"
"4812","{whipped/sour cream;frozen vegetables;frozen meals}"
"4813","{rolls/buns;brown bread}"
"4814","{soda;bottled beer;liquor;red/blush wine}"
"4815","{spread cheese;white bread;newspapers}"
"4816","{whole milk;curd;dessert;misc. beverages;chocolate marshmallow;cling film/bags;house keeping products;newspapers}"
"4817","{root vegetables;soft cheese}"
"4818","{frankfurter;butter;brown bread}"
"4819","{bottled beer;liquor}"
"4820","{soda}"
"4821","{other vegetables;whole milk;dessert;sliced cheese;hard cheese;oil;coffee;soda;fruit/vegetable juice;seasonal products}"
"4822","{curd;yogurt}"
"4823","{pip fruit;soda}"
"4824","{instant coffee;photo/film}"
"4825","{frankfurter}"
"4826","{beef;yogurt;cream cheese ;frozen meals;cat food;newspapers}"
"4827","{curd;UHT-milk;bottled water}"
"4828","{hamburger meat;whole milk;curd;dessert;rolls/buns;oil;spices;sauces;soda;cake bar;napkins;shopping bags}"
"4829","{citrus fruit;root vegetables;onions;whole milk;brown bread}"
"4830","{rolls/buns;soda;chewing gum}"
"4831","{bottled beer}"
"4832","{pork;tropical fruit}"
"4833","{cream cheese ;ice cream;pastry;specialty chocolate;rubbing alcohol}"
"4834","{tropical fruit;pip fruit;whole milk;pastry}"
"4835","{beverages}"
"4836","{pork;root vegetables;brown bread;pastry}"
"4837","{sausage;pork;whole milk;pastry}"
"4838","{yogurt;canned beer;dishes}"
"4839","{meat;finished products;other vegetables;rolls/buns;brown bread;soda;white wine}"
"4840","{tropical fruit;brown bread;specialty bar}"
"4841","{hamburger meat;other vegetables;whole milk;cream;oil;sugar;baking powder;canned beer;baby cosmetics}"
"4842","{root vegetables;other vegetables;yogurt;rolls/buns;bottled water;chocolate;napkins}"
"4843","{chicken;whole milk;whipped/sour cream;rolls/buns;white bread;fruit/vegetable juice;popcorn;photo/film}"
"4844","{dessert;brown bread}"
"4845","{coffee}"
"4846","{pip fruit;condensed milk;sugar;coffee;bottled water;long life bakery product}"
"4847","{sausage;other vegetables;salt;male cosmetics;newspapers}"
"4848","{sausage;other vegetables;whole milk;yogurt;soda}"
"4849","{whole milk;butter milk;yogurt;rolls/buns;white bread;mustard;pickled vegetables;sweet spreads;canned fish;soda;misc. beverages;long life bakery product;specialty chocolate;shopping bags}"
"4850","{citrus fruit;misc. beverages}"
"4851","{bottled water}"
"4852","{pastry}"
"4853","{sausage;rolls/buns;newspapers;shopping bags}"
"4854","{sausage;soft cheese;bottled beer}"
"4855","{whole milk;rolls/buns;syrup}"
"4856","{liver loaf;whole milk;yogurt;condensed milk;specialty cheese;white bread}"
"4857","{bottled water}"
"4858","{beef}"
"4859","{pet care;bottled beer}"
"4860","{meat;citrus fruit;pip fruit;root vegetables;bottled water}"
"4861","{cookware}"
"4862","{bottled beer}"
"4863","{whole milk;processed cheese;spread cheese;rolls/buns}"
"4864","{frozen meals;white bread;fruit/vegetable juice}"
"4865","{dessert;yogurt;cat food;napkins}"
"4866","{grapes;other vegetables;soda;canned beer}"
"4867","{rolls/buns;sugar;coffee;soda}"
"4868","{sausage;meat;pip fruit;other vegetables;salty snack;napkins}"
"4869","{sausage;beverages;rolls/buns}"
"4870","{butter;napkins}"
"4871","{chicken;fruit/vegetable juice;long life bakery product}"
"4872","{whole milk;bottled water;rum;waffles}"
"4873","{rolls/buns}"
"4874","{rolls/buns;soda;snack products}"
"4875","{citrus fruit;berries;yogurt;bottled water;soda;fruit/vegetable juice;chocolate;specialty bar;shopping bags}"
"4876","{rolls/buns;pastry;coffee}"
"4877","{pasta;sauces}"
"4878","{sausage;pork;sliced cheese;frozen potato products;white bread;soda;waffles}"
"4879","{tropical fruit;pip fruit;grapes;packaged fruit/vegetables;coffee}"
"4880","{waffles;chocolate;specialty chocolate}"
"4881","{citrus fruit;tropical fruit;baking powder;fruit/vegetable juice;waffles;specialty bar;candles;flower (seeds)}"
"4882","{pasta;specialty chocolate;dishes}"
"4883","{semi-finished bread;bottled beer;liquor}"
"4884","{beef;spread cheese;domestic eggs;cat food;white wine;shopping bags}"
"4885","{whole milk}"
"4886","{candy}"
"4887","{bottled water}"
"4888","{whole milk;white bread;pet care;bottled water;softener}"
"4889","{bottled beer}"
"4890","{yogurt;frozen dessert}"
"4891","{whole milk;coffee;cooking chocolate;newspapers}"
"4892","{sausage;ham;soft cheese;hard cheese;coffee;soda;long life bakery product;chocolate}"
"4893","{other vegetables;UHT-milk;semi-finished bread;margarine;canned vegetables;bottled water;cake bar;shopping bags}"
"4894","{tropical fruit;yogurt;beverages}"
"4895","{coffee;sparkling wine;dish cleaner}"
"4896","{root vegetables;brown bread;mustard;cat food;canned beer}"
"4897","{frankfurter;pork;other vegetables;whole milk;butter;brown bread;semi-finished bread;pet care;canned beer;waffles;hygiene articles;newspapers}"
"4898","{ham;dessert;yogurt;processed cheese;soda}"
"4899","{pip fruit;whole milk;beverages;domestic eggs;white bread}"
"4900","{yogurt;sugar;shopping bags}"
"4901","{meat;whole milk;rolls/buns}"
"4902","{soda;bathroom cleaner}"
"4903","{pork;onions;domestic eggs;pastry;soda;shopping bags}"
"4904","{whole milk;frozen vegetables}"
"4905","{bottled beer}"
"4906","{bottled water}"
"4907","{specialty bar;house keeping products}"
"4908","{berries;yogurt;whipped/sour cream}"
"4909","{dessert;soda}"
"4910","{ham;onions;herbs;sparkling wine}"
"4911","{pork;tropical fruit;hard cheese;margarine;soda;bottled beer;napkins}"
"4912","{cat food;white wine}"
"4913","{whole milk;brown bread;margarine;soda;bottled beer}"
"4914","{margarine;fruit/vegetable juice;red/blush wine}"
"4915","{whole milk}"
"4916","{whole milk;dessert;coffee;bottled water}"
"4917","{other vegetables;rolls/buns;hair spray}"
"4918","{domestic eggs}"
"4919","{canned beer}"
"4920","{sausage;white wine;napkins}"
"4921","{butter milk;ice cream;coffee;bottled water;fruit/vegetable juice;hygiene articles;shopping bags}"
"4922","{ham;root vegetables;whipped/sour cream;ketchup}"
"4923","{whole milk}"
"4924","{other vegetables;butter milk;frozen meals;ice cream;pastry}"
"4925","{sausage;frozen vegetables;rolls/buns;soda;red/blush wine}"
"4926","{bottled beer}"
"4927","{misc. beverages;napkins}"
"4928","{brown bread}"
"4929","{whipped/sour cream;margarine;long life bakery product}"
"4930","{tropical fruit;whipped/sour cream;jam}"
"4931","{citrus fruit;pip fruit}"
"4932","{pip fruit;soda;sparkling wine}"
"4933","{waffles;specialty bar}"
"4934","{tropical fruit;other vegetables;whole milk;brown bread;margarine;sauces;sweet spreads;waffles}"
"4935","{frankfurter;citrus fruit;pip fruit;butter milk;beverages;frozen meals;brown bread;pickled vegetables;shopping bags}"
"4936","{sausage;rolls/buns;sugar;bottled water;soda;fruit/vegetable juice;white wine;male cosmetics}"
"4937","{frankfurter;sausage;curd;processed cheese;soda;canned beer}"
"4938","{curd;coffee;bottled beer}"
"4939","{meat;citrus fruit;yogurt;brown bread;cat food;bottled water;chocolate;napkins}"
"4940","{other vegetables;whole milk;frozen potato products;white bread;pastry;soda;fruit/vegetable juice;specialty bar}"
"4941","{whole milk}"
"4942","{domestic eggs}"
"4943","{pip fruit;whipped/sour cream}"
"4944","{other vegetables;whole milk;mustard;prosecco;specialty chocolate;female sanitary products}"
"4945","{sausage;other vegetables;dessert;yogurt;condensed milk;hard cheese;spread cheese;bottled water;fruit/vegetable juice;shopping bags}"
"4946","{salty snack}"
"4947","{margarine;candy}"
"4948","{whole milk;rolls/buns;salt}"
"4949","{frankfurter;sausage;other vegetables;white bread;pickled vegetables;waffles;shopping bags}"
"4950","{whole milk}"
"4951","{whole milk;soft cheese;sliced cheese}"
"4952","{brown bread;soda;canned beer;napkins;shopping bags}"
"4953","{oil;soda;misc. beverages;canned beer;brandy;salty snack;candy;hygiene articles;shopping bags}"
"4954","{liquor (appetizer)}"
"4955","{rolls/buns;meat spreads}"
"4956","{bottled water}"
"4957","{citrus fruit;pip fruit;root vegetables;whole milk;coffee;popcorn;chewing gum;detergent;newspapers;shopping bags}"
"4958","{citrus fruit;root vegetables;margarine;cat food;shopping bags}"
"4959","{whole milk;dessert;butter milk;yogurt;pastry;margarine;bottled water;soda}"
"4960","{frankfurter;beef;fish;root vegetables;whole milk;butter;yogurt;rolls/buns;roll products }"
"4961","{soda}"
"4962","{meat;other vegetables}"
"4963","{sausage;beverages;sliced cheese;rolls/buns;soda;shopping bags}"
"4964","{sausage;meat;dessert;rolls/buns;instant coffee;soda;canned beer}"
"4965","{chocolate}"
"4966","{canned beer}"
"4967","{bottled beer;newspapers}"
"4968","{liver loaf;root vegetables;other vegetables;processed cheese;pastry;sugar;detergent}"
"4969","{pastry;long life bakery product}"
"4970","{beef;hamburger meat;other vegetables;rolls/buns;sugar;white wine;hygiene articles;newspapers}"
"4971","{canned beer;newspapers}"
"4972","{newspapers}"
"4973","{sausage;rolls/buns}"
"4974","{citrus fruit;pip fruit;root vegetables;UHT-milk;coffee;candles}"
"4975","{canned beer}"
"4976","{frankfurter;meat;root vegetables;onions;other vegetables;whole milk;yogurt;UHT-milk;rolls/buns;oil;mustard;canned fish;coffee;newspapers;shopping bags}"
"4977","{rolls/buns;brown bread}"
"4978","{canned beer}"
"4979","{frankfurter;whole milk;rolls/buns;newspapers}"
"4980","{frankfurter;sausage;meat;tropical fruit;brown bread;bottled water;nut snack}"
"4981","{soda;bottled beer}"
"4982","{meat;chicken;root vegetables;onions;whole milk;soda}"
"4983","{white wine}"
"4984","{sausage;other vegetables}"
"4985","{brown bread;pasta;oil;margarine;soda;newspapers}"
"4986","{frozen fruits;soda;specialty bar}"
"4987","{hard cheese;pasta;soda;waffles}"
"4988","{dessert;yogurt}"
"4989","{coffee}"
"4990","{other vegetables;condensed milk;soda}"
"4991","{frankfurter;sausage;whole milk;butter milk;yogurt;sliced cheese;hard cheese;rolls/buns;pastry;pickled vegetables;newspapers}"
"4992","{pork;whole milk;pasta;fruit/vegetable juice}"
"4993","{yogurt;rolls/buns}"
"4994","{beef;citrus fruit;root vegetables;yogurt;whipped/sour cream;brown bread;napkins;newspapers}"
"4995","{ham;sliced cheese}"
"4996","{frankfurter;tropical fruit;other vegetables;rolls/buns;bottled water;soda;fruit/vegetable juice;salty snack;waffles}"
"4997","{hamburger meat;other vegetables;pickled vegetables}"
"4998","{white wine}"
"4999","{packaged fruit/vegetables;pastry}"
"5000","{specialty bar}"
"5001","{cat food;misc. beverages;female sanitary products}"
"5002","{finished products;turkey;grapes;onions;other vegetables;whole milk;butter milk;yogurt;whipped/sour cream;hard cheese;frozen vegetables;fruit/vegetable juice;napkins}"
"5003","{pork;beef;pip fruit;root vegetables;whole milk;rice;newspapers}"
"5004","{pork;tropical fruit;yogurt;frozen vegetables;rolls/buns;margarine;spices}"
"5005","{root vegetables;herbs;other vegetables}"
"5006","{tropical fruit;rolls/buns;misc. beverages}"
"5007","{pork;whole milk;rolls/buns;detergent;hygiene articles;napkins}"
"5008","{bottled beer}"
"5009","{whole milk;white bread}"
"5010","{butter milk}"
"5011","{sausage;meat;rolls/buns;brown bread;meat spreads;soda;canned beer;shopping bags}"
"5012","{whole milk;butter;sugar}"
"5013","{whole milk;bottled water;soda;chewing gum}"
"5014","{misc. beverages}"
"5015","{waffles}"
"5016","{hamburger meat;whipped/sour cream;cream cheese ;rolls/buns;pasta;canned fish;popcorn}"
"5017","{white wine}"
"5018","{canned beer}"
"5019","{frankfurter;chicken;hamburger meat;other vegetables;dessert;UHT-milk;oil;canned vegetables;cake bar}"
"5020","{root vegetables;dog food;bottled water}"
"5021","{ice cream;sparkling wine}"
"5022","{processed cheese;soda;bottled beer;liquor;red/blush wine;napkins}"
"5023","{tropical fruit;seasonal products}"
"5024","{ham;citrus fruit;tropical fruit;pip fruit;processed cheese;white bread;shopping bags}"
"5025","{sausage;hamburger meat;pip fruit;root vegetables;whole milk;chocolate}"
"5026","{other vegetables}"
"5027","{coffee}"
"5028","{pip fruit;other vegetables;butter milk;hard cheese;rolls/buns;seasonal products;napkins}"
"5029","{whole milk;butter;soda;chocolate}"
"5030","{soda;waffles}"
"5031","{whole milk}"
"5032","{beverages;photo/film}"
"5033","{hygiene articles;photo/film}"
"5034","{pork;other vegetables;whole milk;rolls/buns;semi-finished bread;artif. sweetener;fruit/vegetable juice;cake bar;specialty bar;skin care}"
"5035","{salty snack}"
"5036","{pip fruit;canned beer;shopping bags}"
"5037","{dessert;spread cheese;rolls/buns;brown bread;soda;canned beer;newspapers}"
"5038","{white wine}"
"5039","{instant coffee;canned beer}"
"5040","{pastry;bottled water;specialty chocolate}"
"5041","{canned beer}"
"5042","{sausage;meat;bottled water}"
"5043","{rolls/buns;pickled vegetables}"
"5044","{dog food;canned beer}"
"5045","{chicken;root vegetables;whole milk;rolls/buns;pasta;newspapers}"
"5046","{soda}"
"5047","{instant coffee;long life bakery product}"
"5048","{whole milk;sugar;bottled water;bottled beer}"
"5049","{citrus fruit;tropical fruit;root vegetables;other vegetables;whole milk;butter;yogurt;soft cheese;cream cheese ;domestic eggs;white bread;margarine;coffee;waffles;specialty bar;chocolate marshmallow}"
"5050","{liver loaf;tropical fruit;other vegetables}"
"5051","{sausage;whole milk}"
"5052","{finished products;beef;pip fruit;root vegetables;bottled water;shopping bags}"
"5053","{canned beer}"
"5054","{ham;processed cheese;rolls/buns;white bread;fruit/vegetable juice;canned beer;long life bakery product;waffles;chocolate;specialty bar}"
"5055","{soda}"
"5056","{pastry;semi-finished bread;coffee;bottled water;misc. beverages}"
"5057","{tropical fruit;pip fruit;grapes;semi-finished bread;bottled water;soda;chewing gum}"
"5058","{citrus fruit;tropical fruit;yogurt;UHT-milk;pastry}"
"5059","{pip fruit}"
"5060","{yogurt}"
"5061","{root vegetables;whole milk;hard cheese;specialty cheese}"
"5062","{waffles;specialty chocolate}"
"5063","{sausage;whole milk;yogurt;whipped/sour cream;pastry;fruit/vegetable juice;candy}"
"5064","{soda}"
"5065","{soda;specialty bar}"
"5066","{whole milk}"
"5067","{sausage;tropical fruit;root vegetables;onions;other vegetables;whole milk;white bread;chewing gum}"
"5068","{sausage;meat;yogurt}"
"5069","{whole milk;margarine;soda}"
"5070","{pork;citrus fruit;other vegetables;dessert;yogurt}"
"5071","{whole milk;domestic eggs;rolls/buns;fruit/vegetable juice}"
"5072","{whole milk;brown bread}"
"5073","{rolls/buns;pastry;mustard;soda;cake bar}"
"5074","{whole milk;bottled beer}"
"5075","{whisky}"
"5076","{newspapers}"
"5077","{rubbing alcohol}"
"5078","{ham;tropical fruit;other vegetables;whole milk;yogurt;curd cheese;rolls/buns;flour;margarine;hygiene articles;shopping bags}"
"5079","{sausage;butter;hard cheese;domestic eggs}"
"5080","{bottled beer}"
"5081","{pork;tropical fruit;whole milk;domestic eggs}"
"5082","{specialty chocolate}"
"5083","{frankfurter;tropical fruit;root vegetables;whole milk;sugar;mustard;popcorn}"
"5084","{nut snack}"
"5085","{bottled beer}"
"5086","{misc. beverages}"
"5087","{pork;soda;fruit/vegetable juice;bottled beer;liquor}"
"5088","{whole milk;frozen meals;bottled water}"
"5089","{chocolate}"
"5090","{root vegetables;herbs;other vegetables;cream cheese ;frozen vegetables;jam;canned fish;coffee}"
"5091","{waffles}"
"5092","{citrus fruit;root vegetables;frozen vegetables;chewing gum}"
"5093","{pork;root vegetables}"
"5094","{dish cleaner;shopping bags}"
"5095","{rolls/buns}"
"5096","{rolls/buns;soda}"
"5097","{chicken;red/blush wine}"
"5098","{pork;whole milk;shopping bags}"
"5099","{beverages;rolls/buns;soda;seasonal products}"
"5100","{soda}"
"5101","{sausage;whole milk}"
"5102","{frankfurter;meat;butter milk;tidbits;domestic eggs;brown bread;sugar;pickled vegetables}"
"5103","{whole milk;newspapers}"
"5104","{bottled beer}"
"5105","{chocolate}"
"5106","{meat;curd;whipped/sour cream;roll products }"
"5107","{beef;hamburger meat;root vegetables;other vegetables;butter;curd;dessert;yogurt;cream cheese ;frozen meals;pastry;potato products;Instant food products;soda;napkins;house keeping products;newspapers}"
"5108","{pip fruit;soda;canned beer}"
"5109","{whole milk}"
"5110","{bottled beer;liquor}"
"5111","{other vegetables;whipped/sour cream;rolls/buns;waffles;hygiene articles;newspapers}"
"5112","{soda;chewing gum}"
"5113","{UHT-milk}"
"5114","{pip fruit;whipped/sour cream;hard cheese;bottled water;fruit/vegetable juice}"
"5115","{citrus fruit;other vegetables;whole milk;butter;oil;detergent}"
"5116","{meat;rolls/buns;white bread;semi-finished bread;flour;meat spreads}"
"5117","{chicken;candy}"
"5118","{zwieback;bottled beer;hygiene articles}"
"5119","{other vegetables;rolls/buns}"
"5120","{sausage;chocolate}"
"5121","{packaged fruit/vegetables}"
"5122","{yogurt}"
"5123","{pork;other vegetables;UHT-milk}"
"5124","{ice cream;rolls/buns;chocolate}"
"5125","{beef}"
"5126","{bottled beer}"
"5127","{soda}"
"5128","{meat;citrus fruit;tropical fruit;root vegetables;other vegetables;whole milk;butter;yogurt;sliced cheese;frozen vegetables;rice;Instant food products;baking powder;bottled water;syrup;female sanitary products;photo/film}"
"5129","{fish;specialty chocolate}"
"5130","{tropical fruit;whole milk;butter;syrup}"
"5131","{tropical fruit;whole milk;domestic eggs;rolls/buns;pet care;bottled water;hygiene articles}"
"5132","{frozen vegetables;frozen dessert;semi-finished bread;margarine;long life bakery product;candy;detergent}"
"5133","{other vegetables;canned beer}"
"5134","{root vegetables;herbs;other vegetables;whole milk;yogurt;whipped/sour cream;frozen vegetables;frozen fruits;baking powder;pickled vegetables;fruit/vegetable juice;sparkling wine;long life bakery product;shopping bags}"
"5135","{fish;frozen meals;domestic eggs;bottled beer;liquor (appetizer);dishes;newspapers}"
"5136","{UHT-milk;canned fish}"
"5137","{berries;oil;bottled water;cake bar;house keeping products;shopping bags}"
"5138","{condensed milk}"
"5139","{salt;margarine;canned beer}"
"5140","{canned beer;long life bakery product}"
"5141","{pip fruit;root vegetables;frozen vegetables;frozen potato products;pastry;fruit/vegetable juice;napkins;bags}"
"5142","{sausage}"
"5143","{sausage;frozen potato products}"
"5144","{frozen meals;soda;specialty chocolate}"
"5145","{berries;brown bread}"
"5146","{liquor;napkins}"
"5147","{yogurt;beverages;soda;shopping bags}"
"5148","{yogurt}"
"5149","{citrus fruit;tropical fruit;pip fruit;condensed milk;frozen meals;meat spreads;canned fish;coffee;canned beer;salty snack;cling film/bags;kitchen towels;shopping bags}"
"5150","{brown bread;seasonal products}"
"5151","{ham;onions;whipped/sour cream;hard cheese;bottled beer;hygiene articles;shopping bags}"
"5152","{domestic eggs;waffles;napkins}"
"5153","{tropical fruit;yogurt;UHT-milk;cream cheese ;processed cheese;white bread;sugar}"
"5154","{rolls/buns;white bread}"
"5155","{pip fruit;bottled water}"
"5156","{tropical fruit;yogurt;salt;specialty vegetables;bottled beer}"
"5157","{photo/film}"
"5158","{bottled beer;prosecco}"
"5159","{whole milk;fruit/vegetable juice;chewing gum;shopping bags}"
"5160","{chicken;tropical fruit;domestic eggs;white wine}"
"5161","{canned beer}"
"5162","{onions;whole milk}"
"5163","{other vegetables;dessert;white bread;dog food;flower soil/fertilizer}"
"5164","{frankfurter;tropical fruit;other vegetables;whole milk;butter;frozen meals;fruit/vegetable juice}"
"5165","{other vegetables;whole milk}"
"5166","{white wine}"
"5167","{other vegetables;cream cheese }"
"5168","{canned beer}"
"5169","{tropical fruit;other vegetables;whole milk;mayonnaise;brown bread;canned fish;soda;misc. beverages;bottled beer;dental care}"
"5170","{fruit/vegetable juice;long life bakery product;newspapers}"
"5171","{berries;rolls/buns;pastry;fruit/vegetable juice;canned beer}"
"5172","{other vegetables;brown bread;pastry;bottled water;canned beer}"
"5173","{other vegetables}"
"5174","{meat;yogurt;cream cheese ;brown bread;meat spreads;canned fish}"
"5175","{other vegetables;whole milk;dessert;chewing gum}"
"5176","{ham;light bulbs}"
"5177","{chocolate;specialty chocolate}"
"5178","{frankfurter;whole milk;white bread;brown bread}"
"5179","{processed cheese;white bread;sugar;cat food;soda;fruit/vegetable juice;candy;shopping bags}"
"5180","{rolls/buns}"
"5181","{chewing gum}"
"5182","{root vegetables;herbs}"
"5183","{tropical fruit;dessert;yogurt;soda;candy}"
"5184","{detergent}"
"5185","{tropical fruit;pip fruit;processed cheese;rolls/buns;misc. beverages;fruit/vegetable juice;candy}"
"5186","{sausage;yogurt;cat food}"
"5187","{soda;liquor (appetizer)}"
"5188","{semi-finished bread}"
"5189","{frankfurter;other vegetables;rolls/buns;white bread;soda;white wine;chocolate;detergent}"
"5190","{sausage;frozen meals;shopping bags}"
"5191","{citrus fruit;tropical fruit;pip fruit;chewing gum}"
"5192","{whole milk;yogurt;pastry;sweet spreads;soda}"
"5193","{misc. beverages;canned beer}"
"5194","{tropical fruit;whole milk;newspapers;shopping bags}"
"5195","{beef;other vegetables;bottled beer;red/blush wine;shopping bags}"
"5196","{other vegetables}"
"5197","{frankfurter;tropical fruit;pip fruit;dessert;beverages;domestic eggs;flour;margarine;Instant food products;canned fruit;jam}"
"5198","{sausage;pip fruit;curd;soda;canned beer;cake bar;shopping bags}"
"5199","{whole milk;yogurt;spread cheese;bottled water;soda}"
"5200","{sausage;ham;pip fruit;onions;other vegetables;hard cheese;white bread;bottled water;shopping bags}"
"5201","{frankfurter;yogurt;UHT-milk;frozen vegetables;coffee;soda;fruit/vegetable juice;white wine;chewing gum;shopping bags}"
"5202","{bottled beer}"
"5203","{cereals}"
"5204","{chocolate marshmallow}"
"5205","{other vegetables;semi-finished bread}"
"5206","{meat;other vegetables;salty snack}"
"5207","{cocoa drinks}"
"5208","{sausage;tropical fruit;butter;frozen meals;pasta;fruit/vegetable juice}"
"5209","{whole milk;brown bread}"
"5210","{coffee;instant coffee}"
"5211","{tropical fruit;whole milk;domestic eggs;red/blush wine;house keeping products}"
"5212","{sausage;UHT-milk;brown bread;oil;canned beer;brandy;shopping bags}"
"5213","{rolls/buns;pastry}"
"5214","{ice cream;semi-finished bread}"
"5215","{liver loaf;whole milk;rolls/buns;soda}"
"5216","{frankfurter;hamburger meat;tropical fruit;other vegetables;whole milk;yogurt;whipped/sour cream;rolls/buns;kitchen towels;newspapers}"
"5217","{chewing gum;seasonal products}"
"5218","{soda;salty snack;cake bar;candy}"
"5219","{butter;dessert;yogurt;rolls/buns;margarine;chewing gum}"
"5220","{chicken;tropical fruit;pip fruit;other vegetables}"
"5221","{sausage;rolls/buns;bottled water;soda;newspapers;shopping bags}"
"5222","{soda}"
"5223","{cat food}"
"5224","{pip fruit;butter milk;UHT-milk;ice cream;rolls/buns;male cosmetics;newspapers}"
"5225","{soft cheese;ice cream}"
"5226","{whole milk;white bread;newspapers}"
"5227","{soda}"
"5228","{chicken}"
"5229","{other vegetables;curd;pastry;pasta;hygiene articles;flower (seeds)}"
"5230","{pastry;instant coffee}"
"5231","{ice cream;bottled beer;prosecco;dishes;shopping bags}"
"5232","{sausage}"
"5233","{citrus fruit;yogurt;whipped/sour cream;shopping bags}"
"5234","{chocolate}"
"5235","{beverages}"
"5236","{bottled water}"
"5237","{sausage;other vegetables;dessert}"
"5238","{whipped/sour cream}"
"5239","{root vegetables;other vegetables;whole milk;rolls/buns;sugar;cereals;soda;soap}"
"5240","{ice cream;soda}"
"5241","{meat;pip fruit;whole milk;curd;yogurt;frozen meals;pastry;potato products;fruit/vegetable juice;bottled beer;salty snack;long life bakery product;newspapers}"
"5242","{frankfurter;ham;tropical fruit;pip fruit;grapes;other vegetables;whole milk;yogurt;sliced cheese;frozen meals;frozen fish;brown bread}"
"5243","{tropical fruit;dessert;yogurt;sliced cheese;cream cheese ;rolls/buns;brown bread;canned vegetables;fruit/vegetable juice}"
"5244","{chicken;root vegetables;other vegetables;whole milk;frozen vegetables;domestic eggs;brown bread;canned vegetables}"
"5245","{root vegetables;other vegetables;white bread;baking powder}"
"5246","{other vegetables;fruit/vegetable juice;salty snack;napkins}"
"5247","{coffee;tea}"
"5248","{soda}"
"5249","{chicken;pork;margarine;specialty fat;bottled beer}"
"5250","{ice cream}"
"5251","{hamburger meat;cream cheese ;brown bread}"
"5252","{pork;rolls/buns}"
"5253","{ice cream}"
"5254","{other vegetables;coffee;soda;dental care}"
"5255","{bottled beer}"
"5256","{misc. beverages;dishes}"
"5257","{beef;tropical fruit;whole milk;margarine;soda;candles}"
"5258","{whole milk;meat spreads;fruit/vegetable juice}"
"5259","{chicken;yogurt;whipped/sour cream}"
"5260","{dessert;specialty chocolate}"
"5261","{pastry;margarine;coffee}"
"5262","{sausage;whole milk;yogurt}"
"5263","{onions;frozen meals}"
"5264","{tropical fruit;other vegetables;UHT-milk;domestic eggs;pot plants}"
"5265","{flower soil/fertilizer}"
"5266","{ice cream}"
"5267","{soda}"
"5268","{pastry;soda}"
"5269","{pip fruit;root vegetables;whole milk;butter;curd;yogurt;UHT-milk;specialty cheese;white bread;margarine;cereals;pickled vegetables;coffee;cake bar}"
"5270","{meat;other vegetables;whole milk;hard cheese;fruit/vegetable juice;long life bakery product}"
"5271","{whole milk;hard cheese;rolls/buns;bottled water}"
"5272","{zwieback}"
"5273","{liquor (appetizer)}"
"5274","{pip fruit;whole milk}"
"5275","{canned beer}"
"5276","{Instant food products;soda}"
"5277","{pork;yogurt}"
"5278","{butter milk}"
"5279","{oil}"
"5280","{meat;pork;butter;brown bread;specialty chocolate;kitchen towels}"
"5281","{tropical fruit;pip fruit;whole milk;cream cheese ;frozen vegetables;ice cream;bottled water;shopping bags}"
"5282","{soda;canned beer}"
"5283","{soda}"
"5284","{meat;whole milk;yogurt}"
"5285","{frankfurter;tropical fruit;other vegetables;dessert;UHT-milk;cream cheese ;brown bread;pastry;hygiene articles}"
"5286","{whipped/sour cream;frozen vegetables}"
"5287","{tropical fruit;root vegetables;other vegetables;whole milk;ice cream;pasta;canned vegetables;soda;salty snack}"
"5288","{sausage;newspapers}"
"5289","{tropical fruit;whipped/sour cream;hygiene articles}"
"5290","{pork;processed cheese;canned beer}"
"5291","{bottled beer;flower (seeds)}"
"5292","{whole milk;cat food;pet care;coffee;soda;misc. beverages;chocolate}"
"5293","{frozen vegetables}"
"5294","{whole milk;processed cheese;soda;cake bar;chocolate;specialty bar;shopping bags}"
"5295","{sausage;tropical fruit;root vegetables;other vegetables;hard cheese;fruit/vegetable juice;long life bakery product;waffles}"
"5296","{pork;other vegetables;whole milk;frozen vegetables;brown bread;roll products ;canned vegetables;sparkling wine;chocolate;dental care}"
"5297","{beef;whole milk;curd;white bread;napkins}"
"5298","{sausage;chicken;hamburger meat;other vegetables;whole milk;butter milk;whipped/sour cream;white bread}"
"5299","{tropical fruit;pip fruit;UHT-milk;cream cheese ;pasta;sauces;baking powder;cat food;pet care;bottled water;bottled beer;salty snack;shopping bags}"
"5300","{whole milk;yogurt;domestic eggs;rolls/buns;fruit/vegetable juice;long life bakery product;specialty chocolate;specialty bar}"
"5301","{bottled water;waffles;chocolate}"
"5302","{beef;specialty chocolate}"
"5303","{brown bread}"
"5304","{bottled beer}"
"5305","{sausage;tropical fruit;yogurt;frozen meals;cat food;bottled water;soda;bottled beer;waffles}"
"5306","{pip fruit;other vegetables;whole milk;butter;whipped/sour cream;sliced cheese;pastry;hygiene articles;napkins}"
"5307","{frankfurter;rolls/buns}"
"5308","{UHT-milk;mustard}"
"5309","{whole milk;brown bread}"
"5310","{butter milk;brown bread}"
"5311","{whole milk}"
"5312","{herbs;whole milk;curd;cat food;soda}"
"5313","{tropical fruit;root vegetables;other vegetables;whole milk;yogurt;rice;oil;bathroom cleaner}"
"5314","{chicken;rolls/buns;bottled water}"
"5315","{curd;cream cheese ;frozen fruits;margarine;cocoa drinks;soda}"
"5316","{pork;beef;other vegetables;whole milk;yogurt;margarine;fruit/vegetable juice}"
"5317","{hamburger meat}"
"5318","{hamburger meat;onions;ice cream;misc. beverages;shopping bags}"
"5319","{root vegetables;onions;dessert;mayonnaise;brown bread;salt;canned fish;bottled water;fruit/vegetable juice;bottled beer;popcorn}"
"5320","{butter;spread cheese;ice cream;rolls/buns;soda;long life bakery product;chocolate;chocolate marshmallow}"
"5321","{UHT-milk;sugar;coffee;canned beer}"
"5322","{whole milk;cat food}"
"5323","{sausage;meat;chicken;beef;citrus fruit;root vegetables;herbs;whole milk;butter;domestic eggs;roll products ;coffee;long life bakery product;waffles}"
"5324","{canned beer;specialty bar}"
"5325","{whole milk;rolls/buns;canned beer;chewing gum}"
"5326","{oil}"
"5327","{sausage;meat;berries;onions;other vegetables;soft cheese;hard cheese;cream cheese ;mayonnaise;frozen meals;domestic eggs;rolls/buns;mustard;canned fish;shopping bags}"
"5328","{frankfurter;mayonnaise;margarine;mustard;ketchup;seasonal products}"
"5329","{sliced cheese;rolls/buns}"
"5330","{sausage;meat;whole milk;curd;dessert;yogurt;brown bread;dental care;male cosmetics}"
"5331","{chicken;pip fruit;whole milk;dessert;margarine;soda;canned beer;liquor;newspapers}"
"5332","{butter milk;yogurt}"
"5333","{pip fruit;yogurt;cream cheese ;meat spreads;coffee;specialty chocolate;seasonal products;cookware;shopping bags}"
"5334","{sausage;berries;sliced cheese;cream cheese }"
"5335","{butter;yogurt}"
"5336","{pork;other vegetables}"
"5337","{cat food}"
"5338","{hamburger meat;berries;other vegetables;UHT-milk;hard cheese;processed cheese;canned vegetables;soda;waffles;specialty bar;newspapers}"
"5339","{tropical fruit;whole milk;newspapers}"
"5340","{whole milk;yogurt;beverages;rolls/buns;bottled water;fruit/vegetable juice}"
"5341","{softener;newspapers}"
"5342","{rolls/buns;pastry;semi-finished bread}"
"5343","{tropical fruit;whole milk}"
"5344","{dessert;soft cheese;brown bread;pastry;soda;long life bakery product;hygiene articles;shopping bags}"
"5345","{newspapers}"
"5346","{hamburger meat;herbs;UHT-milk;domestic eggs;oil;chocolate}"
"5347","{chicken}"
"5348","{other vegetables;whole milk;specialty cheese}"
"5349","{fruit/vegetable juice}"
"5350","{chocolate;specialty bar;candy;napkins;flower (seeds)}"
"5351","{margarine;misc. beverages}"
"5352","{cling film/bags}"
"5353","{chicken;butter;frozen vegetables;soda;misc. beverages;chocolate;specialty chocolate}"
"5354","{salt;salty snack}"
"5355","{newspapers}"
"5356","{root vegetables}"
"5357","{pip fruit;misc. beverages;chewing gum;specialty chocolate;shopping bags}"
"5358","{sausage;spread cheese;domestic eggs;soda;shopping bags}"
"5359","{other vegetables;whole milk;salty snack}"
"5360","{tropical fruit;pip fruit;root vegetables;onions;other vegetables;whole milk;whipped/sour cream;misc. beverages;fruit/vegetable juice;red/blush wine;salty snack;detergent;shopping bags}"
"5361","{newspapers}"
"5362","{frankfurter;processed cheese;soda}"
"5363","{fruit/vegetable juice}"
"5364","{ham;whole milk;hard cheese;margarine;coffee;fruit/vegetable juice}"
"5365","{sausage;pork;beef;tropical fruit;other vegetables;whole milk;butter milk;whipped/sour cream;roll products ;bottled water;detergent;hygiene articles;napkins;house keeping products}"
"5366","{frankfurter;beef;whole milk}"
"5367","{fish;UHT-milk;cream cheese ;ice cream}"
"5368","{chewing gum;specialty bar}"
"5369","{citrus fruit;rolls/buns;soda;chewing gum;shopping bags}"
"5370","{canned beer}"
"5371","{canned beer}"
"5372","{canned beer}"
"5373","{UHT-milk;soda;detergent}"
"5374","{citrus fruit;pip fruit;other vegetables;whole milk;curd;frozen fish;domestic eggs;jam;dishes}"
"5375","{whole milk;bottled beer;liquor (appetizer);hygiene articles}"
"5376","{citrus fruit}"
"5377","{canned beer}"
"5378","{dessert}"
"5379","{ham;whole milk;dessert;rolls/buns;misc. beverages;waffles;skin care}"
"5380","{meat;rolls/buns;misc. beverages}"
"5381","{pip fruit;rolls/buns;snack products}"
"5382","{UHT-milk;domestic eggs;rolls/buns;fruit/vegetable juice;newspapers}"
"5383","{canned beer}"
"5384","{other vegetables;whole milk;butter milk;margarine}"
"5385","{whole milk;butter milk;cream cheese ;coffee}"
"5386","{sausage;pip fruit;root vegetables;whole milk;spread cheese;rolls/buns;margarine;bottled water}"
"5387","{canned beer}"
"5388","{yogurt;rolls/buns}"
"5389","{root vegetables;UHT-milk;domestic eggs;pasta;margarine;soups;cat food;coffee;bottled water;soda;misc. beverages;sparkling wine;specialty chocolate;specialty bar;seasonal products;female sanitary products;newspapers}"
"5390","{bottled beer}"
"5391","{canned beer;shopping bags}"
"5392","{pork;tropical fruit;pip fruit;other vegetables;whipped/sour cream;chocolate;chocolate marshmallow;shopping bags}"
"5393","{canned beer}"
"5394","{pip fruit;soda}"
"5395","{meat;pork;soft cheese;oil;margarine;seasonal products}"
"5396","{pork;pip fruit;frozen vegetables;brown bread}"
"5397","{other vegetables;whole milk;mayonnaise;frozen potato products;pastry;margarine;baking powder}"
"5398","{whole milk;domestic eggs}"
"5399","{sausage;bottled water}"
"5400","{misc. beverages}"
"5401","{bottled water;newspapers}"
"5402","{beef;pip fruit;whole milk;butter;curd;yogurt;condensed milk;white bread;detergent}"
"5403","{tropical fruit;bottled water;white wine;newspapers}"
"5404","{rolls/buns;brown bread;soda;misc. beverages;bottled beer}"
"5405","{canned beer}"
"5406","{sausage;other vegetables;yogurt;rolls/buns;soda;canned beer}"
"5407","{sliced cheese;domestic eggs;rolls/buns;bottled water;soda;pot plants}"
"5408","{pork;other vegetables;whole milk;cream cheese ;frozen fish;rolls/buns;pastry}"
"5409","{soda}"
"5410","{rolls/buns}"
"5411","{soda;bottled beer}"
"5412","{chocolate}"
"5413","{ham;turkey;frozen vegetables;pastry}"
"5414","{other vegetables;whole milk;margarine;jam;salty snack;shopping bags}"
"5415","{canned beer}"
"5416","{canned beer}"
"5417","{canned beer}"
"5418","{tropical fruit;pip fruit;root vegetables;other vegetables;whole milk;curd;yogurt;tea;bottled water;salty snack;kitchen towels;newspapers}"
"5419","{tropical fruit;whole milk;beverages;soda;salty snack;specialty bar;newspapers}"
"5420","{canned beer;waffles}"
"5421","{canned beer;specialty bar}"
"5422","{bottled water;soda}"
"5423","{frankfurter;hamburger meat;grapes;other vegetables;whole milk;butter milk;whipped/sour cream;mayonnaise;white bread;roll products ;sauces;salty snack;waffles;chocolate}"
"5424","{tropical fruit;root vegetables;onions;other vegetables;curd;whipped/sour cream;spread cheese;white bread;bottled water;soda}"
"5425","{liver loaf;other vegetables;butter;yogurt;whipped/sour cream;cream cheese ;margarine;baking powder;long life bakery product;bathroom cleaner}"
"5426","{shopping bags}"
"5427","{tropical fruit;other vegetables;cream cheese ;baking powder;long life bakery product}"
"5428","{frankfurter;sausage;organic sausage;white bread;brown bread;waffles;chocolate}"
"5429","{citrus fruit;curd;yogurt;newspapers}"
"5430","{whole milk;curd;oil;margarine}"
"5431","{tropical fruit;berries;root vegetables;butter;UHT-milk;bottled water;soda}"
"5432","{beef;root vegetables;soda;fruit/vegetable juice;detergent;newspapers}"
"5433","{fruit/vegetable juice;pot plants}"
"5434","{frankfurter;sausage;tropical fruit;root vegetables;whole milk;pastry}"
"5435","{beef;citrus fruit;root vegetables;whole milk;bottled water;newspapers}"
"5436","{beef;whole milk;pastry;flour;pickled vegetables}"
"5437","{canned beer}"
"5438","{canned beer}"
"5439","{rolls/buns}"
"5440","{other vegetables;cream cheese }"
"5441","{sausage;whole milk;spread cheese;mayonnaise;rolls/buns;pastry;pickled vegetables;bottled water;shopping bags}"
"5442","{rolls/buns}"
"5443","{yogurt;frozen dessert;rolls/buns;pastry;soda;fruit/vegetable juice;napkins}"
"5444","{pork;whole milk;pastry;sugar;newspapers}"
"5445","{tropical fruit;root vegetables;whole milk;yogurt;whipped/sour cream;rolls/buns;margarine;sugar;Instant food products;bottled water}"
"5446","{rolls/buns;margarine;bottled water;rum;red/blush wine;long life bakery product;waffles;chocolate}"
"5447","{hamburger meat;whole milk;misc. beverages;red/blush wine}"
"5448","{pip fruit;pastry}"
"5449","{whole milk;bottled water;bottled beer;newspapers}"
"5450","{pastry}"
"5451","{whole milk;sugar;cat food}"
"5452","{sausage;root vegetables;whole milk;whipped/sour cream;rolls/buns;mustard}"
"5453","{canned beer}"
"5454","{beef;rolls/buns}"
"5455","{canned beer}"
"5456","{frankfurter;beef;other vegetables;cream cheese ;domestic eggs;baking powder;salty snack;shopping bags}"
"5457","{pastry;coffee;chewing gum}"
"5458","{sausage;pork;hard cheese;rolls/buns;pickled vegetables;dish cleaner}"
"5459","{tropical fruit;bottled water}"
"5460","{whole milk}"
"5461","{sausage;pork;white wine}"
"5462","{root vegetables;other vegetables;cream cheese ;chocolate}"
"5463","{frozen meals}"
"5464","{other vegetables;bottled water;canned beer;chewing gum;newspapers}"
"5465","{chicken;hamburger meat;herbs;dessert;beverages;oil;soda;dish cleaner}"
"5466","{bottled water;canned beer}"
"5467","{whole milk;yogurt}"
"5468","{whole milk;rolls/buns;bottled water}"
"5469","{frankfurter;pork;brown bread;potato products}"
"5470","{beef;hamburger meat;pip fruit;berries;other vegetables;rolls/buns;semi-finished bread;baking powder;white wine;napkins;cling film/bags}"
"5471","{sausage;berries;rolls/buns;chewing gum;shopping bags}"
"5472","{sausage;ham;tropical fruit;whole milk;butter;processed cheese;rolls/buns;potato products;rice;margarine;cereals;cat food;fruit/vegetable juice;bottled beer;chocolate;napkins}"
"5473","{candy}"
"5474","{sausage;other vegetables;dessert;yogurt;UHT-milk;cream cheese ;frozen vegetables;rolls/buns;brown bread;pastry;specialty bar}"
"5475","{citrus fruit;dessert;yogurt;UHT-milk;frozen vegetables;frozen fish;zwieback;spices;waffles}"
"5476","{sausage;ham;sliced cheese;frozen fish;rolls/buns;margarine;mustard}"
"5477","{other vegetables;whole milk;yogurt;ice cream;brown bread;pastry;soda;newspapers}"
"5478","{sausage;whole milk;rolls/buns}"
"5479","{other vegetables;whole milk;rolls/buns;skin care;dishes;flower (seeds)}"
"5480","{canned beer}"
"5481","{detergent;photo/film}"
"5482","{citrus fruit;tropical fruit;pip fruit;root vegetables;packaged fruit/vegetables;dessert;yogurt;UHT-milk;hard cheese;mayonnaise;domestic eggs;spices;canned vegetables;fruit/vegetable juice;candy}"
"5483","{beef;root vegetables;herbs;other vegetables;whole milk;butter;rolls/buns;brown bread;bottled beer;long life bakery product;pot plants}"
"5484","{other vegetables;packaged fruit/vegetables;brown bread;pastry;light bulbs;newspapers}"
"5485","{bottled beer}"
"5486","{other vegetables;whole milk}"
"5487","{fruit/vegetable juice;waffles}"
"5488","{misc. beverages}"
"5489","{tropical fruit;berries;whole milk;butter;butter milk;brown bread}"
"5490","{pip fruit;pastry;margarine}"
"5491","{sausage;chicken;other vegetables;whole milk;whipped/sour cream;domestic eggs;rolls/buns;house keeping products}"
"5492","{root vegetables;whole milk;hard cheese;sauces;bottled water;fruit/vegetable juice}"
"5493","{zwieback;cat food;dish cleaner}"
"5494","{chicken;beef;tropical fruit;other vegetables;soft cheese;pickled vegetables;bottled water;detergent;newspapers}"
"5495","{tropical fruit;yogurt;UHT-milk;bottled water;soda}"
"5496","{tropical fruit;butter milk;beverages;bottled water;fruit/vegetable juice;salty snack;chewing gum;napkins;newspapers;shopping bags}"
"5497","{root vegetables;rolls/buns}"
"5498","{canned beer}"
"5499","{beef;pip fruit;root vegetables;whole milk;soft cheese;bottled beer;detergent}"
"5500","{hamburger meat;root vegetables;whole milk;yogurt;brown bread;pastry;bottled beer;specialty chocolate;flower (seeds)}"
"5501","{other vegetables;ice cream;brown bread;soda;house keeping products;newspapers}"
"5502","{liquor (appetizer)}"
"5503","{pip fruit;root vegetables;frozen vegetables;rolls/buns;semi-finished bread;soda;white wine;newspapers}"
"5504","{newspapers}"
"5505","{turkey;tropical fruit;root vegetables;other vegetables;butter;whipped/sour cream;hard cheese;ketchup;fruit/vegetable juice;candy;napkins}"
"5506","{rolls/buns;margarine;bottled water;bottled beer}"
"5507","{sausage;soda}"
"5508","{beef;margarine;bottled beer;flower (seeds)}"
"5509","{whole milk;yogurt;brown bread;chocolate;newspapers}"
"5510","{whole milk;rolls/buns;baking powder;chocolate}"
"5511","{pip fruit;whole milk;frozen vegetables;bottled water}"
"5512","{meat;whole milk;rolls/buns}"
"5513","{hamburger meat;whole milk;tidbits;frozen fish;ice cream;sauces;salty snack;kitchen towels}"
"5514","{photo/film}"
"5515","{other vegetables}"
"5516","{root vegetables;white bread;brown bread}"
"5517","{other vegetables;white bread;pickled vegetables;soda;shopping bags}"
"5518","{citrus fruit;pip fruit;other vegetables;whole milk;frozen vegetables;bottled water}"
"5519","{beef}"
"5520","{frankfurter;whole milk;yogurt;frozen vegetables;coffee;bottled water;bottled beer}"
"5521","{ham;beef;tropical fruit;cat food}"
"5522","{soda;bottled beer;specialty bar}"
"5523","{bottled beer;newspapers}"
"5524","{soda;bottled beer}"
"5525","{turkey;pork;beef;herbs;other vegetables;soft cheese;frozen vegetables;rolls/buns;rice}"
"5526","{pork}"
"5527","{citrus fruit;tropical fruit;pip fruit;other vegetables;curd;butter milk;UHT-milk;frozen meals;brown bread;semi-finished bread;spices;fruit/vegetable juice;hygiene articles}"
"5528","{grapes;other vegetables;whole milk;sugar}"
"5529","{other vegetables;whole milk;butter;domestic eggs;waffles;candy;seasonal products;detergent}"
"5530","{root vegetables;other vegetables;whole milk;yogurt;whipped/sour cream;flour;long life bakery product;shopping bags}"
"5531","{tropical fruit}"
"5532","{rolls/buns}"
"5533","{citrus fruit;other vegetables}"
"5534","{yogurt;beverages;domestic eggs;rolls/buns;pastry;soda;long life bakery product;chocolate;chocolate marshmallow;napkins}"
"5535","{chicken;beef;other vegetables}"
"5536","{tropical fruit;whipped/sour cream;bottled water;soda;bottled beer;pot plants}"
"5537","{tropical fruit;whole milk;sauces;sweet spreads;chocolate;newspapers}"
"5538","{other vegetables;hard cheese;newspapers}"
"5539","{margarine;misc. beverages;bottled beer}"
"5540","{pork;whole milk;butter;domestic eggs;margarine;ready soups;newspapers}"
"5541","{frankfurter;hamburger meat;UHT-milk;mayonnaise;rolls/buns;pastry;mustard;ketchup;Instant food products;soda;dish cleaner;dental care;shopping bags}"
"5542","{ham;chicken;root vegetables;onions;other vegetables;yogurt;whipped/sour cream;sliced cheese;frozen vegetables;frozen meals;ice cream;newspapers}"
"5543","{cream cheese ;coffee;chocolate;candy;make up remover;shopping bags}"
"5544","{bottled water}"
"5545","{canned beer}"
"5546","{frozen potato products;rolls/buns;brown bread}"
"5547","{pip fruit}"
"5548","{citrus fruit;root vegetables;other vegetables;coffee;liquor;chocolate;candy;seasonal products;flower (seeds);shopping bags}"
"5549","{frankfurter;chicken;pork;tropical fruit;pip fruit;yogurt;whipped/sour cream;frozen vegetables;semi-finished bread;zwieback;flour;vinegar;margarine;pickled vegetables;bottled water;soda;waffles;chocolate;chocolate marshmallow;detergent;napkins}"
"5550","{other vegetables;whole milk;margarine}"
"5551","{chicken;tropical fruit;root vegetables;other vegetables;whole milk;dessert;yogurt;pastry;newspapers}"
"5552","{pip fruit;other vegetables;fruit/vegetable juice}"
"5553","{frankfurter;citrus fruit;other vegetables;butter milk;yogurt;whipped/sour cream;rolls/buns;brown bread;pickled vegetables;canned fish;tea}"
"5554","{frozen meals;ice cream;frozen potato products}"
"5555","{root vegetables;onions;whole milk;curd;yogurt;whipped/sour cream;soft cheese;cream cheese ;curd cheese;frozen fish;rolls/buns;waffles}"
"5556","{beef}"
"5557","{sausage;fish;curd;processed cheese;pastry}"
"5558","{whole milk;frozen fish;rolls/buns;pickled vegetables}"
"5559","{beef;root vegetables;other vegetables;whole milk;yogurt;whipped/sour cream;cream cheese ;cat food;napkins}"
"5560","{pork;domestic eggs;soda}"
"5561","{artif. sweetener}"
"5562","{frankfurter;ham;tropical fruit;yogurt;curd cheese;frozen fish;zwieback;margarine;fruit/vegetable juice}"
"5563","{rolls/buns;canned fish;canned beer}"
"5564","{canned beer;newspapers}"
"5565","{mayonnaise;rolls/buns;soda;specialty chocolate}"
"5566","{rolls/buns;fruit/vegetable juice}"
"5567","{sausage;sliced cheese;canned beer}"
"5568","{hard cheese;candles}"
"5569","{frankfurter;whole milk;white bread;margarine;bottled beer;detergent;pot plants}"
"5570","{frankfurter;meat;whole milk;whipped/sour cream;UHT-milk;hard cheese;coffee;waffles;napkins}"
"5571","{bottled water;newspapers}"
"5572","{sausage;pip fruit;whole milk;white bread;salt;pasta;oil;sugar;bottled water;soda;bottled beer}"
"5573","{whole milk}"
"5574","{citrus fruit;domestic eggs;jam}"
"5575","{pork}"
"5576","{condensed milk;margarine;fruit/vegetable juice;canned beer}"
"5577","{sausage;finished products;pork;tropical fruit;other vegetables;whole milk;yogurt;whipped/sour cream;cream cheese ;white bread;baking powder;long life bakery product;house keeping products;pot plants}"
"5578","{brown bread;canned beer}"
"5579","{whole milk;butter;coffee;bottled water;seasonal products;candles}"
"5580","{frankfurter;sausage;rolls/buns;brown bread;soda;shopping bags}"
"5581","{domestic eggs;specialty chocolate}"
"5582","{sausage;root vegetables;beverages;rolls/buns;soda}"
"5583","{other vegetables;whole milk;yogurt;rolls/buns;female sanitary products;hygiene articles}"
"5584","{pork;semi-finished bread;soda}"
"5585","{other vegetables;whole milk;curd;whipped/sour cream;frozen vegetables;roll products ;semi-finished bread;salty snack;seasonal products}"
"5586","{frankfurter;citrus fruit;rolls/buns;soda}"
"5587","{beef;root vegetables;frozen vegetables;brown bread;misc. beverages}"
"5588","{pork;salad dressing;oil;sauces;coffee;soda;canned beer;liquor (appetizer);candy;newspapers}"
"5589","{white bread;misc. beverages;long life bakery product}"
"5590","{dessert}"
"5591","{pip fruit;root vegetables;UHT-milk;condensed milk;frozen fish;candy}"
"5592","{sausage;tropical fruit;whole milk;whipped/sour cream;specialty cheese;soda;skin care}"
"5593","{frankfurter;rolls/buns;bottled water}"
"5594","{chicken;grapes;root vegetables;whole milk;domestic eggs;detergent;newspapers}"
"5595","{chicken;pip fruit;other vegetables;butter;soft cheese;frozen vegetables;long life bakery product;candles}"
"5596","{other vegetables}"
"5597","{house keeping products}"
"5598","{pork;whole milk;bottled water;soda;napkins}"
"5599","{bathroom cleaner}"
"5600","{beverages;newspapers}"
"5601","{butter;brown bread;seasonal products}"
"5602","{sausage;tropical fruit;pip fruit;whole milk;soft cheese;processed cheese;white bread;pastry;semi-finished bread;oil;mustard;ketchup;soda;misc. beverages;long life bakery product;waffles;chocolate;specialty chocolate;detergent;napkins;house keeping products}"
"5603","{canned beer;shopping bags}"
"5604","{salt;cling film/bags}"
"5605","{beef;root vegetables;whole milk;margarine}"
"5606","{shopping bags}"
"5607","{curd;semi-finished bread;baking powder}"
"5608","{fruit/vegetable juice;chewing gum}"
"5609","{sausage;whipped/sour cream;bottled water;pot plants}"
"5610","{sausage;yogurt}"
"5611","{sausage;pip fruit;root vegetables;onions;whole milk;butter;dessert;soft cheese;cream cheese ;specialty cheese;domestic eggs;salt;pasta;vinegar;oil;mustard;ketchup;canned vegetables;pickled vegetables;canned fish;instant coffee;tea;misc. beverages;bottled beer;white wine;chocolate;abrasive cleaner;hygiene articles}"
"5612","{grapes;whole milk;butter;rolls/buns;coffee;bottled water;soda;misc. beverages;pot plants}"
"5613","{frankfurter;whole milk;cream cheese ;specialty chocolate}"
"5614","{berries;other vegetables;yogurt;whipped/sour cream;bottled water;waffles;seasonal products}"
"5615","{citrus fruit;root vegetables;other vegetables}"
"5616","{canned beer}"
"5617","{canned beer}"
"5618","{tropical fruit;curd}"
"5619","{whole milk;brown bread;dog food;chocolate;hygiene articles;pot plants}"
"5620","{whole milk;rolls/buns;soda;canned beer;liquor;shopping bags}"
"5621","{other vegetables;bottled beer;house keeping products}"
"5622","{citrus fruit;root vegetables;other vegetables;whole milk}"
"5623","{pork;beef;root vegetables;other vegetables;whole milk;UHT-milk;frozen vegetables;rice;baking powder;dog food;soda}"
"5624","{beef;other vegetables;whipped/sour cream;newspapers}"
"5625","{meat;pip fruit;other vegetables;brown bread;roll products ;soda}"
"5626","{canned beer}"
"5627","{whole milk;butter;rolls/buns}"
"5628","{curd cheese;bottled water;white wine}"
"5629","{citrus fruit;tropical fruit;onions;UHT-milk;specialty fat;instant coffee;bottled water;soda;fruit/vegetable juice;bottled beer;salty snack;newspapers}"
"5630","{cooking chocolate}"
"5631","{whole milk;bottled water}"
"5632","{sugar}"
"5633","{chicken;frozen vegetables;frozen meals;frozen dessert}"
"5634","{citrus fruit;tropical fruit;other vegetables;whole milk;curd;rolls/buns}"
"5635","{sausage;chicken;herbs;other vegetables;whole milk;whipped/sour cream;sliced cheese;domestic eggs;rolls/buns;brown bread;margarine;soda;waffles;chocolate marshmallow}"
"5636","{whole milk;rolls/buns}"
"5637","{whole milk}"
"5638","{rolls/buns}"
"5639","{pork;root vegetables;whole milk;domestic eggs;pasta;ketchup;hygiene articles;newspapers}"
"5640","{root vegetables;onions;whole milk;whipped/sour cream;pickled vegetables}"
"5641","{citrus fruit;root vegetables;other vegetables;whole milk;margarine;specialty fat;hygiene articles}"
"5642","{citrus fruit;tropical fruit;whole milk;yogurt;whipped/sour cream;preservation products}"
"5643","{whole milk;butter milk}"
"5644","{pork;beef;other vegetables;whipped/sour cream;waffles;chewing gum}"
"5645","{citrus fruit;other vegetables;bottled water;fruit/vegetable juice;shopping bags}"
"5646","{frankfurter;pip fruit;root vegetables;other vegetables;curd;butter milk;spread cheese;soups;house keeping products}"
"5647","{citrus fruit;other vegetables;yogurt}"
"5648","{sausage;meat;pork;beef;root vegetables;other vegetables;UHT-milk;flour;detergent;shopping bags}"
"5649","{chicken;curd;butter milk;UHT-milk;rolls/buns;fruit/vegetable juice;newspapers}"
"5650","{other vegetables;whole milk;yogurt;rolls/buns}"
"5651","{onions;other vegetables;rolls/buns;coffee;specialty chocolate}"
"5652","{hamburger meat;dessert;soda;fruit/vegetable juice}"
"5653","{frankfurter;curd;rolls/buns;brown bread;mustard;candy}"
"5654","{canned beer}"
"5655","{bottled water;canned beer;white wine}"
"5656","{soda}"
"5657","{turkey;other vegetables;butter;rolls/buns;pastry;oil}"
"5658","{rolls/buns;fruit/vegetable juice}"
"5659","{frozen vegetables;rolls/buns}"
"5660","{other vegetables;curd;margarine}"
"5661","{pork;hamburger meat;tropical fruit;pip fruit;other vegetables;whipped/sour cream;beverages;white bread}"
"5662","{soda}"
"5663","{turkey;root vegetables;other vegetables;whole milk;butter milk;UHT-milk;brown bread;bottled water}"
"5664","{sausage;rolls/buns;pastry;bottled water}"
"5665","{whole milk;whipped/sour cream;domestic eggs;white bread;photo/film}"
"5666","{newspapers}"
"5667","{coffee}"
"5668","{hamburger meat;root vegetables;other vegetables;whole milk;sliced cheese}"
"5669","{turkey;pip fruit;other vegetables;whole milk;frozen vegetables}"
"5670","{sausage;tropical fruit;other vegetables;beverages;processed cheese;rolls/buns;soda;chewing gum}"
"5671","{whole milk;butter milk;salt;sugar;soda;long life bakery product;waffles}"
"5672","{sausage;pork;hamburger meat;citrus fruit;other vegetables;whole milk;soft cheese;domestic eggs;rolls/buns;sugar;cat food;chocolate}"
"5673","{other vegetables;whole milk;bottled water}"
"5674","{shopping bags}"
"5675","{pork;whole milk;curd cheese;frozen vegetables;cat food}"
"5676","{pork;soda}"
"5677","{beef;hamburger meat;other vegetables;sliced cheese}"
"5678","{sausage;chicken;tropical fruit;berries;root vegetables;onions;whole milk;butter;yogurt;hard cheese;domestic eggs;vinegar;spices;long life bakery product;dish cleaner;newspapers}"
"5679","{whole milk;bottled beer}"
"5680","{soda}"
"5681","{canned beer}"
"5682","{beef;berries;root vegetables;onions;flour;mustard;soda;bottled beer;salty snack;popcorn}"
"5683","{frankfurter;finished products;chicken;other vegetables;whole milk;curd;flour;pasta;salty snack}"
"5684","{other vegetables}"
"5685","{other vegetables;whole milk;curd;yogurt;cream cheese ;pastry;salty snack}"
"5686","{root vegetables;whole milk;domestic eggs;female sanitary products;newspapers}"
"5687","{pip fruit;soda;bottled beer;canned beer;waffles;chocolate}"
"5688","{sausage;pork;tropical fruit;root vegetables;herbs;whole milk;curd;yogurt;whipped/sour cream;chewing gum;male cosmetics;newspapers}"
"5689","{other vegetables;butter;soda;bottled beer;liquor;rum;chocolate marshmallow;hygiene articles;newspapers}"
"5690","{pork}"
"5691","{meat;whole milk;sliced cheese;brown bread;pastry;fruit/vegetable juice;newspapers}"
"5692","{pork;other vegetables;whole milk;butter;whipped/sour cream;hard cheese;cat food;pet care;coffee;liquor;napkins;dishes;kitchen towels}"
"5693","{dessert;rolls/buns;napkins;newspapers;shopping bags}"
"5694","{other vegetables;cream cheese ;margarine;canned vegetables;bottled beer}"
"5695","{condensed milk;rolls/buns;brown bread;coffee;bottled water;soda}"
"5696","{ice cream;brown bread}"
"5697","{chicken;whole milk;frozen meals;domestic eggs;brown bread;ketchup;dog food;misc. beverages;napkins}"
"5698","{root vegetables;whole milk;condensed milk;frozen vegetables;rolls/buns;white bread}"
"5699","{frankfurter;chicken;beef;citrus fruit;tropical fruit;root vegetables;other vegetables;curd;dessert;whipped/sour cream;soft cheese;cream cheese ;frozen vegetables;frozen meals;frozen potato products;domestic eggs;white bread;semi-finished bread;oil;instant coffee;soda;fruit/vegetable juice;flower (seeds)}"
"5700","{hamburger meat}"
"5701","{UHT-milk;ice cream;bottled water;soda;shopping bags}"
"5702","{frankfurter;sausage;chicken;citrus fruit;root vegetables;other vegetables;frozen vegetables;rice;newspapers}"
"5703","{pastry;soda}"
"5704","{other vegetables;rolls/buns;bottled beer}"
"5705","{onions;other vegetables;soda;fruit/vegetable juice}"
"5706","{pastry;canned beer;male cosmetics;newspapers}"
"5707","{citrus fruit;root vegetables;whole milk;yogurt;whipped/sour cream;condensed milk;rolls/buns;flour;long life bakery product}"
"5708","{hamburger meat}"
"5709","{chicken;citrus fruit;root vegetables;other vegetables;butter;sweet spreads;coffee}"
"5710","{whole milk;white bread;flour;sugar;pot plants}"
"5711","{chicken;whole milk;semi-finished bread;jam;coffee;soda;napkins;shopping bags}"
"5712","{shopping bags}"
"5713","{citrus fruit;root vegetables;margarine;misc. beverages;long life bakery product;waffles}"
"5714","{citrus fruit;root vegetables;herbs;other vegetables;butter;whipped/sour cream;mayonnaise;rum;waffles}"
"5715","{chicken;yogurt;whipped/sour cream;frozen dessert;soda;pot plants}"
"5716","{bottled beer}"
"5717","{specialty chocolate}"
"5718","{other vegetables;whole milk;yogurt}"
"5719","{pork;root vegetables;whole milk;UHT-milk;frozen meals;softener;shopping bags}"
"5720","{whole milk}"
"5721","{beef;tropical fruit;pip fruit;root vegetables;other vegetables;whole milk;yogurt;whipped/sour cream;mayonnaise}"
"5722","{sausage;meat;tropical fruit;rolls/buns;margarine;bottled water;bottled beer;skin care;hygiene articles;shopping bags}"
"5723","{root vegetables;herbs;other vegetables;whole milk;butter milk;whipped/sour cream;shopping bags}"
"5724","{chicken;pip fruit;whole milk;rolls/buns;brown bread;pastry;semi-finished bread;margarine;bottled water;newspapers}"
"5725","{turkey;beef;other vegetables;whipped/sour cream;baking powder;cat food;chocolate}"
"5726","{soda}"
"5727","{root vegetables;herbs;whole milk;butter;curd;rolls/buns;soda;chocolate;candy}"
"5728","{sausage;whole milk;semi-finished bread;flour;fruit/vegetable juice;napkins}"
"5729","{pastry;soda;canned beer;white wine;newspapers}"
"5730","{sausage;citrus fruit;pip fruit;whole milk;dessert;domestic eggs;brown bread;margarine;specialty chocolate}"
"5731","{yogurt;rolls/buns}"
"5732","{pip fruit;root vegetables;other vegetables;whole milk;butter;whipped/sour cream;sliced cheese;domestic eggs;soups;coffee;detergent}"
"5733","{sausage;whole milk;yogurt;hard cheese;domestic eggs;brown bread;salty snack;waffles;chocolate;newspapers}"
"5734","{ham;chicken;citrus fruit;other vegetables;whole milk;yogurt;whipped/sour cream;bottled beer;chocolate;softener;pot plants}"
"5735","{meat;whole milk;dessert;soft cheese;frozen meals;rolls/buns;misc. beverages;long life bakery product;chocolate;specialty bar}"
"5736","{other vegetables;butter;fruit/vegetable juice;salty snack;chocolate}"
"5737","{meat;chicken;citrus fruit;other vegetables;whole milk;yogurt;frozen vegetables;white bread;napkins}"
"5738","{rolls/buns}"
"5739","{chicken;hamburger meat;grapes;other vegetables;whipped/sour cream;brown bread;canned beer;sparkling wine;flower (seeds)}"
"5740","{sausage;root vegetables;whole milk;yogurt}"
"5741","{canned beer}"
"5742","{yogurt}"
"5743","{chicken;hamburger meat;other vegetables;frozen vegetables;rolls/buns;pastry}"
"5744","{hamburger meat;shopping bags}"
"5745","{whole milk;curd;pastry}"
"5746","{frankfurter;pip fruit;whole milk;soda}"
"5747","{newspapers}"
"5748","{whole milk;mayonnaise;soda;newspapers}"
"5749","{rolls/buns;canned beer}"
"5750","{other vegetables;whole milk;yogurt;whipped/sour cream;rolls/buns;waffles;seasonal products}"
"5751","{sausage;butter}"
"5752","{sausage;tropical fruit;root vegetables;other vegetables;whole milk;frozen vegetables;domestic eggs;flour;margarine;sugar;ketchup;baking powder;canned vegetables;bottled water;cooking chocolate;newspapers}"
"5753","{canned beer}"
"5754","{tropical fruit;berries;root vegetables;other vegetables;whole milk;cream cheese ;frozen meals;white bread;soda;salty snack;napkins;shopping bags}"
"5755","{condensed milk;soda}"
"5756","{margarine;long life bakery product;candles}"
"5757","{whole milk;pet care}"
"5758","{yogurt;bottled water;canned beer;napkins}"
"5759","{processed cheese;rolls/buns;soda;flower (seeds)}"
"5760","{grapes;rolls/buns;pastry;bottled beer}"
"5761","{canned beer}"
"5762","{soda}"
"5763","{whole milk;rolls/buns;newspapers}"
"5764","{sausage;other vegetables;whole milk;yogurt;cream;frozen vegetables;frozen potato products;roll products ;rice;cat food;misc. beverages;fruit/vegetable juice;bottled beer;salty snack;specialty chocolate}"
"5765","{pork;beverages;white bread}"
"5766","{pork;pip fruit;root vegetables;curd;yogurt;whipped/sour cream;UHT-milk;domestic eggs;salt;margarine;ketchup}"
"5767","{turkey;beef;semi-finished bread}"
"5768","{other vegetables;napkins}"
"5769","{whipped/sour cream}"
"5770","{hard cheese;salt;canned vegetables}"
"5771","{pork;hamburger meat;other vegetables;whole milk;brown bread;margarine;bottled water;bottled beer;flower (seeds)}"
"5772","{citrus fruit;berries;curd;yogurt;soda}"
"5773","{sausage;pot plants}"
"5774","{citrus fruit;other vegetables;frozen meals;domestic eggs;fruit/vegetable juice;pot plants}"
"5775","{other vegetables;curd cheese}"
"5776","{Instant food products;long life bakery product;specialty chocolate;cling film/bags;house keeping products}"
"5777","{sausage;root vegetables;ice cream;white bread;salt}"
"5778","{frankfurter;pip fruit;hard cheese;bottled water;chocolate}"
"5779","{chicken;flower (seeds)}"
"5780","{other vegetables;newspapers}"
"5781","{chicken;turkey;citrus fruit;tropical fruit;berries;onions;whole milk;yogurt;whipped/sour cream;rolls/buns;pastry;margarine;cat food;soda;kitchen utensil;pot plants}"
"5782","{chicken;other vegetables;dessert;soda}"
"5783","{ham;tropical fruit;butter;cream cheese ;domestic eggs;white bread;pastry;tea;fruit/vegetable juice;chocolate;shopping bags}"
"5784","{pip fruit;whole milk;yogurt;specialty cheese;domestic eggs;salty snack;photo/film}"
"5785","{sausage;chicken;pork;root vegetables;other vegetables;whole milk;rolls/buns;fruit/vegetable juice;canned beer}"
"5786","{ham;beef;other vegetables;yogurt;canned fish}"
"5787","{other vegetables}"
"5788","{sausage;citrus fruit;other vegetables}"
"5789","{tropical fruit;other vegetables;whole milk;dessert;bottled water;soda;canned beer;seasonal products}"
"5790","{ham;tropical fruit;newspapers}"
"5791","{tropical fruit;rolls/buns;chocolate;chocolate marshmallow;newspapers}"
"5792","{canned beer}"
"5793","{sugar;white wine;newspapers}"
"5794","{bottled water;soda}"
"5795","{whole milk;yogurt;bottled beer}"
"5796","{pip fruit;other vegetables;butter milk;specialty cheese;frozen vegetables;white bread;sugar;coffee}"
"5797","{rolls/buns;coffee;salty snack;long life bakery product;waffles}"
"5798","{whole milk;whipped/sour cream;domestic eggs;bottled water;soda;specialty chocolate;pot plants}"
"5799","{hamburger meat;berries;other vegetables}"
"5800","{soda;candy}"
"5801","{whipped/sour cream;long life bakery product;napkins;pot plants}"
"5802","{organic sausage;other vegetables;liquor (appetizer);red/blush wine}"
"5803","{onions;other vegetables}"
"5804","{sausage;chicken;pork;other vegetables;whole milk;butter;yogurt;margarine;fruit/vegetable juice;bottled beer}"
"5805","{sausage;beef;citrus fruit;tropical fruit;berries;root vegetables;whole milk;white bread;brown bread;fruit/vegetable juice;bottled beer;cling film/bags}"
"5806","{root vegetables;other vegetables;whole milk;pastry;cling film/bags;shopping bags}"
"5807","{root vegetables;other vegetables;butter;rolls/buns;flour;bottled water;liquor;candy}"
"5808","{pork;onions;other vegetables;butter;dessert;beverages;UHT-milk;specialty cheese;frozen vegetables;rolls/buns;coffee;shopping bags}"
"5809","{whole milk;curd;soda;light bulbs;pot plants;shopping bags}"
"5810","{ham;organic sausage;tropical fruit;pip fruit;onions;other vegetables;whole milk;butter;curd;yogurt;sliced cheese;salt;margarine;jam;bottled beer;chewing gum;abrasive cleaner}"
"5811","{frankfurter;meat;beef;other vegetables;frozen vegetables;white bread;pastry;soups;pickled vegetables;specialty vegetables;cat food;soda}"
"5812","{UHT-milk;bottled water;chewing gum;cling film/bags;shopping bags}"
"5813","{frozen vegetables;soda}"
"5814","{pip fruit;frozen meals;ice cream;fruit/vegetable juice}"
"5815","{tropical fruit;root vegetables;domestic eggs}"
"5816","{meat;organic sausage;citrus fruit;whole milk;oil;soups}"
"5817","{other vegetables;white bread;soda;bottled beer}"
"5818","{root vegetables;other vegetables;sparkling wine;popcorn;shopping bags}"
"5819","{liqueur}"
"5820","{soda}"
"5821","{margarine;soda}"
"5822","{frankfurter;beef;pip fruit;root vegetables;other vegetables;curd;yogurt;margarine;sugar}"
"5823","{sugar}"
"5824","{sausage;tropical fruit;butter milk;spread cheese;tidbits;bottled water;soda;bottled beer}"
"5825","{chicken;root vegetables;other vegetables;whipped/sour cream;margarine;sauces;canned beer;shopping bags}"
"5826","{domestic eggs;pastry}"
"5827","{condensed milk;pastry;female sanitary products;shopping bags}"
"5828","{canned beer;shopping bags}"
"5829","{frankfurter;meat;pork;citrus fruit;yogurt;whipped/sour cream;frozen vegetables;frozen potato products;soda}"
"5830","{pork;tropical fruit;yogurt;sugar;bottled water;light bulbs}"
"5831","{whole milk}"
"5832","{tropical fruit;whole milk;beverages;rolls/buns}"
"5833","{pork;tropical fruit;yogurt;white bread;fruit/vegetable juice}"
"5834","{root vegetables;other vegetables;specialty chocolate}"
"5835","{citrus fruit;soda;misc. beverages}"
"5836","{house keeping products}"
"5837","{pip fruit}"
"5838","{ham;pip fruit;yogurt;frozen meals;bottled water;soda;napkins}"
"5839","{waffles;newspapers}"
"5840","{beverages;UHT-milk;zwieback;misc. beverages}"
"5841","{beverages}"
"5842","{citrus fruit;pip fruit;berries;frozen fish;white bread;pastry;long life bakery product;waffles;specialty bar;newspapers}"
"5843","{ice cream;white bread;red/blush wine;salty snack;chocolate;specialty chocolate;dental care}"
"5844","{salty snack;chocolate}"
"5845","{rolls/buns}"
"5846","{white bread;brown bread}"
"5847","{tropical fruit;pip fruit;berries;ice cream;white bread}"
"5848","{chocolate}"
"5849","{whole milk;frozen vegetables;pastry;cleaner}"
"5850","{yogurt}"
"5851","{coffee;red/blush wine}"
"5852","{soda}"
"5853","{butter milk;hard cheese;instant coffee}"
"5854","{pork;root vegetables;other vegetables;pastry}"
"5855","{condensed milk;tidbits;rolls/buns;coffee;bottled water;soda;misc. beverages;cake bar}"
"5856","{sugar;coffee}"
"5857","{frankfurter;sausage;onions;other vegetables;curd;dessert;condensed milk;soft cheese;rolls/buns;pastry;potato products;soda;rum;specialty chocolate;shopping bags}"
"5858","{sausage;packaged fruit/vegetables;yogurt;rolls/buns;seasonal products}"
"5859","{bottled water}"
"5860","{sausage;beef;tropical fruit;root vegetables;other vegetables;whole milk;brown bread;newspapers}"
"5861","{salty snack}"
"5862","{light bulbs}"
"5863","{onions;whole milk;canned beer;hygiene articles;shopping bags}"
"5864","{tropical fruit;whole milk;yogurt;ice cream;bottled water;soda;hygiene articles;napkins}"
"5865","{soups;canned vegetables}"
"5866","{whole milk}"
"5867","{bottled water;soda;female sanitary products}"
"5868","{other vegetables;whole milk;brown bread}"
"5869","{soda;bottled beer;liquor}"
"5870","{frankfurter;other vegetables}"
"5871","{domestic eggs;pastry;hygiene articles}"
"5872","{curd cheese;bottled beer}"
"5873","{butter;hard cheese;white bread;chocolate;candy}"
"5874","{whole milk;cream cheese ;roll products ;napkins;dishes;cling film/bags}"
"5875","{pastry}"
"5876","{tropical fruit;oil}"
"5877","{misc. beverages;canned beer}"
"5878","{other vegetables}"
"5879","{root vegetables;bottled beer;chocolate}"
"5880","{ham;tropical fruit;dog food;soda;canned beer}"
"5881","{rolls/buns}"
"5882","{pastry;soda}"
"5883","{fruit/vegetable juice}"
"5884","{chewing gum}"
"5885","{sausage;root vegetables;packaged fruit/vegetables;yogurt;frozen potato products;brown bread;soda;candy}"
"5886","{other vegetables;condensed milk;coffee;detergent}"
"5887","{whole milk;pastry}"
"5888","{root vegetables;onions;other vegetables;whole milk}"
"5889","{ice cream}"
"5890","{canned beer}"
"5891","{tropical fruit;other vegetables;yogurt;chewing gum}"
"5892","{citrus fruit;other vegetables;packaged fruit/vegetables;yogurt;margarine;sugar;artif. sweetener;baking powder;candles}"
"5893","{specialty chocolate;photo/film}"
"5894","{candy}"
"5895","{margarine;pickled vegetables;coffee;bottled beer;chocolate marshmallow}"
"5896","{other vegetables;frozen meals;domestic eggs}"
"5897","{tropical fruit;other vegetables;newspapers}"
"5898","{tropical fruit;other vegetables;yogurt}"
"5899","{specialty chocolate}"
"5900","{frankfurter;sausage;tropical fruit;whole milk;yogurt;whipped/sour cream;white bread;flour;oil;soda;hygiene articles}"
"5901","{misc. beverages;waffles;candy}"
"5902","{tropical fruit;grapes;other vegetables;curd;beverages;pastry;nut snack}"
"5903","{ham;whole milk;white bread;bottled beer}"
"5904","{other vegetables;soft cheese;frozen meals;brown bread;canned fish}"
"5905","{tropical fruit;root vegetables;other vegetables;curd;yogurt;whipped/sour cream;cream cheese ;margarine;bottled water;newspapers}"
"5906","{canned beer}"
"5907","{beef}"
"5908","{hamburger meat;whole milk;coffee}"
"5909","{whole milk;dessert;beverages;detergent;flower (seeds)}"
"5910","{finished products;beef;citrus fruit;yogurt;frozen potato products;pastry;soups;coffee;candy}"
"5911","{other vegetables;yogurt;white bread}"
"5912","{citrus fruit;other vegetables;UHT-milk;rolls/buns;flour}"
"5913","{sausage;other vegetables;rolls/buns;fruit/vegetable juice}"
"5914","{sausage;yogurt;rolls/buns}"
"5915","{pork;newspapers}"
"5916","{berries;other vegetables;yogurt;margarine;mustard;fruit/vegetable juice;detergent}"
"5917","{sausage;pip fruit;processed cheese;frozen meals;pastry;semi-finished bread;dog food;syrup}"
"5918","{berries;pastry;sugar;soda;chocolate;make up remover}"
"5919","{sausage;liver loaf;ham;pip fruit;yogurt;soft cheese;sliced cheese;rolls/buns;white bread;brown bread;pastry;soda;canned beer;newspapers;shopping bags}"
"5920","{pasta}"
"5921","{other vegetables;chocolate marshmallow}"
"5922","{sausage;beef;hamburger meat;other vegetables;whole milk;butter;domestic eggs;roll products ;sauces;bottled beer}"
"5923","{other vegetables;curd;soups;pudding powder;canned fish}"
"5924","{frankfurter;sausage;pork;pip fruit;onions;whole milk;domestic eggs;brown bread;hygiene articles;newspapers}"
"5925","{sausage}"
"5926","{UHT-milk;brown bread;mustard;coffee;soda;dish cleaner}"
"5927","{whole milk;butter}"
"5928","{misc. beverages;napkins}"
"5929","{liver loaf;dessert;domestic eggs;soda;cleaner;shopping bags}"
"5930","{pet care;bottled water;soda;liquor (appetizer)}"
"5931","{whole milk;whipped/sour cream;cream cheese ;soda}"
"5932","{chicken;other vegetables}"
"5933","{dessert;long life bakery product}"
"5934","{pork;beef;soda;canned beer}"
"5935","{beef;root vegetables;packaged fruit/vegetables;whole milk;rolls/buns;pastry;oil;bottled water;soda;canned beer}"
"5936","{soda;soap}"
"5937","{pet care;coffee;bottled beer}"
"5938","{root vegetables;whipped/sour cream}"
"5939","{tropical fruit;pip fruit;whole milk;yogurt;frozen meals;rolls/buns;soda;candy;kitchen towels}"
"5940","{chicken;root vegetables;other vegetables;whole milk;frozen vegetables;rolls/buns;margarine;soda}"
"5941","{soda;misc. beverages}"
"5942","{chicken;root vegetables}"
"5943","{tropical fruit;yogurt;beverages;UHT-milk;fruit/vegetable juice;hygiene articles}"
"5944","{beverages;specialty bar}"
"5945","{onions}"
"5946","{whole milk;bottled beer;rum}"
"5947","{chicken;soda}"
"5948","{tropical fruit;yogurt;frozen dessert;domestic eggs;tea}"
"5949","{citrus fruit;bottled water;dishes}"
"5950","{semi-finished bread;bottled beer;liquor}"
"5951","{tropical fruit;other vegetables;curd;dessert;sliced cheese;white bread;soda;fruit/vegetable juice}"
"5952","{hamburger meat;citrus fruit;tropical fruit;whole milk;yogurt;brown bread;napkins;shopping bags}"
"5953","{sausage;hamburger meat;whole milk;dessert;rolls/buns;specialty chocolate;detergent}"
"5954","{tropical fruit;other vegetables;pastry;long life bakery product;waffles;chocolate;specialty bar;shopping bags}"
"5955","{curd}"
"5956","{tropical fruit;yogurt;rolls/buns}"
"5957","{tropical fruit;other vegetables;pickled vegetables}"
"5958","{whole milk;whipped/sour cream;pastry;salty snack;long life bakery product;chewing gum}"
"5959","{zwieback}"
"5960","{cream cheese ;spread cheese}"
"5961","{rolls/buns;specialty bar}"
"5962","{meat;tropical fruit;other vegetables;candy}"
"5963","{brown bread;sauces;pet care}"
"5964","{soda}"
"5965","{UHT-milk;brown bread;coffee;shopping bags}"
"5966","{frankfurter;organic sausage;whole milk;chewing gum}"
"5967","{meat;chicken;root vegetables;other vegetables;whole milk;whipped/sour cream;rolls/buns;abrasive cleaner;cleaner;napkins;house keeping products}"
"5968","{whole milk}"
"5969","{sausage;hamburger meat;packaged fruit/vegetables;whole milk;processed cheese;frozen vegetables;rolls/buns;white bread;tea;long life bakery product;cling film/bags;photo/film}"
"5970","{herbs;other vegetables;sliced cheese;cream cheese ;salt;oil;margarine;fruit/vegetable juice;bottled beer;chewing gum;hygiene articles}"
"5971","{whole milk;butter milk}"
"5972","{other vegetables}"
"5973","{brown bread;jam;fruit/vegetable juice}"
"5974","{whipped/sour cream}"
"5975","{other vegetables;baking powder;napkins}"
"5976","{pork;tropical fruit;whole milk;rolls/buns;chocolate;newspapers}"
"5977","{flower soil/fertilizer}"
"5978","{whole milk;bottled water}"
"5979","{grapes;root vegetables;whole milk;curd;whipped/sour cream;jam}"
"5980","{liver loaf;pork;citrus fruit;other vegetables;yogurt;misc. beverages}"
"5981","{rolls/buns}"
"5982","{citrus fruit;tropical fruit;onions;whole milk;domestic eggs;cat food}"
"5983","{sausage;whole milk}"
"5984","{pastry;jam}"
"5985","{beverages;bottled water;long life bakery product}"
"5986","{beverages;brown bread;pastry;soda;newspapers;shopping bags}"
"5987","{other vegetables;whole milk;brown bread;cat food;chewing gum;napkins}"
"5988","{tropical fruit;packaged fruit/vegetables;sliced cheese}"
"5989","{beef;root vegetables;white bread;soda}"
"5990","{frozen dessert;margarine;canned fruit;soda;shopping bags}"
"5991","{soda}"
"5992","{pork;specialty vegetables;bottled water;soda;bottled beer}"
"5993","{rolls/buns;bottled water;dental care;shopping bags}"
"5994","{domestic eggs;salty snack;popcorn;napkins}"
"5995","{whole milk;jam;canned fish;waffles}"
"5996","{candy}"
"5997","{pork;other vegetables;curd;whipped/sour cream;brown bread;oil;sugar;ketchup;salty snack}"
"5998","{frankfurter;meat;pip fruit;ice cream;brown bread;pickled vegetables;jam;canned fish;liquor;waffles;newspapers}"
"5999","{ham;UHT-milk}"
"6000","{salty snack}"
"6001","{whole milk;cake bar}"
"6002","{canned beer}"
"6003","{newspapers}"
"6004","{hard cheese;rolls/buns;sugar;candy}"
"6005","{tropical fruit;root vegetables;whole milk;butter;chocolate}"
"6006","{yogurt;margarine;fruit/vegetable juice;shopping bags}"
"6007","{tropical fruit;whole milk;processed cheese;brown bread;flour;sugar;sauces;pet care}"
"6008","{whole milk;yogurt}"
"6009","{ice cream;canned beer}"
"6010","{bottled beer}"
"6011","{citrus fruit;newspapers}"
"6012","{hamburger meat;citrus fruit;whole milk;butter;yogurt;cat food;hygiene articles;shopping bags}"
"6013","{frozen fish;sugar;cake bar;chocolate marshmallow;candy}"
"6014","{frozen vegetables}"
"6015","{tropical fruit;whole milk;soda;red/blush wine}"
"6016","{citrus fruit;onions;yogurt;sliced cheese;rolls/buns;bottled beer;shopping bags}"
"6017","{sausage;other vegetables;curd;yogurt;soft cheese;brown bread;fruit/vegetable juice;chewing gum}"
"6018","{whipped/sour cream;frozen vegetables;hygiene articles}"
"6019","{sausage;packaged fruit/vegetables;whole milk;dessert;beverages;frozen vegetables;domestic eggs;brown bread;pastry;margarine;mustard;coffee;soda;bottled beer}"
"6020","{yogurt;beverages;frozen meals;long life bakery product}"
"6021","{pastry;soda}"
"6022","{pork;white bread;make up remover;napkins}"
"6023","{curd;dog food;bottled beer}"
"6024","{sausage;rolls/buns;soda}"
"6025","{sausage;rolls/buns;fruit/vegetable juice}"
"6026","{berries;pastry;seasonal products;shopping bags}"
"6027","{root vegetables;herbs;other vegetables;candy;seasonal products;shopping bags}"
"6028","{rolls/buns}"
"6029","{domestic eggs;soda;cake bar}"
"6030","{tidbits;rolls/buns;instant coffee;soda;waffles}"
"6031","{curd;rolls/buns;long life bakery product}"
"6032","{hygiene articles}"
"6033","{spread cheese;rolls/buns;canned fish}"
"6034","{berries;yogurt;misc. beverages;canned beer;liquor;cake bar}"
"6035","{coffee;soda}"
"6036","{other vegetables;whole milk;rolls/buns}"
"6037","{frankfurter;other vegetables;whole milk;coffee;hygiene articles}"
"6038","{sausage;citrus fruit;whole milk;pastry;bottled water;soda;bottled beer;canned beer}"
"6039","{ice cream}"
"6040","{frankfurter;soft cheese;rolls/buns;canned beer}"
"6041","{dessert;fruit/vegetable juice;long life bakery product;waffles}"
"6042","{ham}"
"6043","{semi-finished bread;long life bakery product;waffles;detergent;newspapers;shopping bags}"
"6044","{whole milk;whipped/sour cream}"
"6045","{root vegetables;yogurt;cat food;coffee;cling film/bags}"
"6046","{beef;rolls/buns;canned beer;napkins}"
"6047","{citrus fruit;pip fruit;white bread;brown bread;pastry;waffles}"
"6048","{citrus fruit}"
"6049","{bottled water}"
"6050","{pork;other vegetables;whole milk;yogurt;frozen fish;rolls/buns;roll products ;flour;specialty fat;sugar;bottled water;soda}"
"6051","{frankfurter;whole milk;mustard;chewing gum}"
"6052","{berries;root vegetables;whole milk}"
"6053","{bottled beer;liquor}"
"6054","{ham;yogurt;cling film/bags}"
"6055","{whole milk;margarine}"
"6056","{coffee}"
"6057","{chicken;beef;tropical fruit;berries;frozen vegetables;zwieback;dishes}"
"6058","{frankfurter;rolls/buns;chocolate}"
"6059","{beef;butter}"
"6060","{canned beer}"
"6061","{rolls/buns}"
"6062","{whole milk;soda}"
"6063","{pip fruit;whole milk}"
"6064","{soda}"
"6065","{bottled beer}"
"6066","{frankfurter;rolls/buns;soda;specialty bar}"
"6067","{sausage}"
"6068","{other vegetables}"
"6069","{soda;seasonal products}"
"6070","{onions;whole milk;domestic eggs;sugar;hygiene articles;light bulbs}"
"6071","{root vegetables;other vegetables;yogurt;processed cheese;pickled vegetables;newspapers}"
"6072","{other vegetables}"
"6073","{chewing gum;specialty chocolate}"
"6074","{fruit/vegetable juice}"
"6075","{pork;berries;onions}"
"6076","{dessert;spread cheese;pastry;soda;seasonal products}"
"6077","{flour;sugar}"
"6078","{tropical fruit;pip fruit;whole milk;flower soil/fertilizer}"
"6079","{pip fruit;berries;yogurt}"
"6080","{yogurt;margarine}"
"6081","{ice cream}"
"6082","{pastry}"
"6083","{whole milk;cereals}"
"6084","{citrus fruit;packaged fruit/vegetables;yogurt;white wine;long life bakery product}"
"6085","{onions;whipped/sour cream;coffee;fruit/vegetable juice;flower (seeds)}"
"6086","{berries;butter;domestic eggs;soda;red/blush wine}"
"6087","{tropical fruit}"
"6088","{bottled water;white wine}"
"6089","{whole milk;margarine}"
"6090","{UHT-milk}"
"6091","{pork;whole milk;white bread;pastry;specialty fat;sweet spreads;female sanitary products}"
"6092","{pastry;soda}"
"6093","{other vegetables;whole milk;hard cheese;long life bakery product;cooking chocolate;hygiene articles}"
"6094","{frozen meals;soda}"
"6095","{root vegetables;whole milk;curd}"
"6096","{soda}"
"6097","{chicken;root vegetables;herbs;other vegetables;canned beer;liquor (appetizer);shopping bags}"
"6098","{dessert;frozen meals;soda;seasonal products}"
"6099","{sausage;specialty bar}"
"6100","{other vegetables;whole milk;yogurt;beverages;hard cheese;fruit/vegetable juice}"
"6101","{soda;fruit/vegetable juice}"
"6102","{beef;cat food;newspapers}"
"6103","{berries;packaged fruit/vegetables;yogurt;rolls/buns;misc. beverages}"
"6104","{ham;whole milk;rolls/buns;bottled water;white wine}"
"6105","{citrus fruit;whipped/sour cream}"
"6106","{berries;whipped/sour cream;domestic eggs}"
"6107","{meat;chicken;other vegetables;whole milk}"
"6108","{coffee;soda;canned beer}"
"6109","{long life bakery product}"
"6110","{whole milk;beverages;brown bread;pastry;specialty chocolate}"
"6111","{root vegetables;whole milk;yogurt;brown bread;pastry;specialty chocolate;candy}"
"6112","{pork;root vegetables;rice;sparkling wine;hygiene articles;newspapers;shopping bags}"
"6113","{yogurt;domestic eggs}"
"6114","{soda}"
"6115","{frankfurter;sausage;brown bread;canned fish;bottled water;canned beer;candles}"
"6116","{photo/film}"
"6117","{tropical fruit;dessert;soft cheese;brown bread;shopping bags}"
"6118","{chicken;yogurt;cream cheese ;specialty cheese;margarine;canned vegetables;soda;candy;hygiene articles;dishes}"
"6119","{soda;bottled beer;shopping bags}"
"6120","{sausage;whole milk;canned beer}"
"6121","{citrus fruit;root vegetables;other vegetables;ice cream}"
"6122","{pastry}"
"6123","{root vegetables;whole milk;butter;rice;bottled water;soda;canned beer;white wine;specialty chocolate;detergent;decalcifier;candles}"
"6124","{hard cheese;pasta;canned vegetables;canned fish;soda}"
"6125","{curd;flour;canned beer}"
"6126","{berries;whipped/sour cream;coffee;bottled water;soda;white wine;salty snack;hygiene articles}"
"6127","{cat food;canned beer;specialty chocolate;hygiene articles;napkins;shopping bags}"
"6128","{bottled water}"
"6129","{soda;nut snack;flower (seeds)}"
"6130","{fruit/vegetable juice;hygiene articles;napkins}"
"6131","{brown bread}"
"6132","{citrus fruit;root vegetables;whole milk;curd}"
"6133","{whipped/sour cream;frozen vegetables;newspapers}"
"6134","{yogurt;sliced cheese;frozen meals}"
"6135","{chicken;other vegetables}"
"6136","{photo/film}"
"6137","{sausage;citrus fruit;tropical fruit;pip fruit;grapes;bottled water;soda;bottled beer;cake bar}"
"6138","{tropical fruit;mustard;sauces}"
"6139","{whole milk;margarine;soda;napkins;photo/film}"
"6140","{butter;curd}"
"6141","{citrus fruit;tropical fruit;pip fruit;UHT-milk;frozen fish;soda;fruit/vegetable juice;hygiene articles;napkins}"
"6142","{pork}"
"6143","{frozen fish}"
"6144","{beef}"
"6145","{other vegetables;UHT-milk;canned vegetables;bottled water;cake bar;shopping bags}"
"6146","{chicken;packaged fruit/vegetables;butter;condensed milk;rolls/buns}"
"6147","{beverages}"
"6148","{pork}"
"6149","{candy;photo/film}"
"6150","{whole milk}"
"6151","{other vegetables;frozen vegetables;domestic eggs;soda;canned beer;liquor;shopping bags}"
"6152","{coffee}"
"6153","{sausage;hamburger meat;tropical fruit;pip fruit;other vegetables;sliced cheese;hard cheese;frozen fish;rolls/buns;brown bread;pastry;sauces;organic products;canned fruit;popcorn;dental care;napkins;kitchen towels}"
"6154","{bottled beer}"
"6155","{soda;canned beer;chocolate}"
"6156","{frankfurter;hamburger meat;beverages;shopping bags}"
"6157","{whipped/sour cream;brown bread}"
"6158","{tropical fruit;whole milk;candles}"
"6159","{sausage;tropical fruit}"
"6160","{rolls/buns;specialty chocolate}"
"6161","{other vegetables;whole milk;frozen potato products;brown bread;semi-finished bread;salt;canned vegetables}"
"6162","{citrus fruit;other vegetables;dessert;whipped/sour cream;soda}"
"6163","{pastry;soda}"
"6164","{citrus fruit;yogurt;canned fruit}"
"6165","{pet care}"
"6166","{butter;cream cheese ;frozen vegetables;soda;fruit/vegetable juice;napkins;shopping bags}"
"6167","{citrus fruit;tropical fruit;onions;packaged fruit/vegetables;yogurt;napkins}"
"6168","{whole milk;bottled beer}"
"6169","{pork}"
"6170","{ham;pork;whole milk;yogurt;hard cheese;spread cheese;rolls/buns;white bread;brown bread;pastry;chocolate;abrasive cleaner;dental care;napkins;newspapers;shopping bags}"
"6171","{soda;snack products;detergent}"
"6172","{tropical fruit;yogurt;soda;newspapers;shopping bags}"
"6173","{ham;root vegetables;onions;herbs;cream cheese ;zwieback;pot plants}"
"6174","{sausage;misc. beverages;canned beer;waffles;shopping bags}"
"6175","{dishes}"
"6176","{other vegetables;rolls/buns;white wine}"
"6177","{semi-finished bread;bottled beer;liquor;candy}"
"6178","{sausage;tropical fruit;root vegetables;other vegetables;curd;yogurt;sliced cheese;cream cheese ;specialty cheese;frozen vegetables;domestic eggs;bottled water}"
"6179","{citrus fruit;rolls/buns;specialty bar}"
"6180","{bottled beer}"
"6181","{soda;misc. beverages;candy}"
"6182","{pastry;long life bakery product;waffles;napkins}"
"6183","{bottled beer}"
"6184","{specialty chocolate}"
"6185","{soda;fruit/vegetable juice}"
"6186","{misc. beverages}"
"6187","{seasonal products}"
"6188","{citrus fruit;butter;yogurt;cat food;coffee;bottled water;chocolate;specialty chocolate}"
"6189","{yogurt;specialty bar}"
"6190","{meat;beef;root vegetables;other vegetables;butter;yogurt;frozen vegetables;frozen meals;coffee;long life bakery product;shopping bags}"
"6191","{frankfurter;tropical fruit;whole milk;cream cheese ;rolls/buns;pet care;bottled water;napkins;dishes;shopping bags}"
"6192","{frankfurter;onions;pickled vegetables}"
"6193","{packaged fruit/vegetables}"
"6194","{root vegetables;yogurt;whipped/sour cream;beverages;hard cheese;cream cheese ;organic products;soda;misc. beverages;fruit/vegetable juice;liquor (appetizer);specialty chocolate;shopping bags}"
"6195","{pastry}"
"6196","{frankfurter;packaged fruit/vegetables;soft cheese;soda}"
"6197","{whole milk;butter;brown bread;pastry;sweet spreads;soda;newspapers}"
"6198","{citrus fruit;tropical fruit;prosecco}"
"6199","{beef;whole milk;white bread}"
"6200","{frankfurter;sausage;root vegetables;other vegetables;yogurt;UHT-milk;white bread;long life bakery product;chocolate;specialty bar;candy}"
"6201","{pork;hamburger meat;citrus fruit;butter;yogurt;whipped/sour cream;hard cheese;frozen vegetables;white bread;Instant food products;fruit/vegetable juice;salty snack;candy;shopping bags}"
"6202","{sausage;tropical fruit;root vegetables;other vegetables;cream cheese ;pickled vegetables;candles}"
"6203","{whipped/sour cream;ice cream;rolls/buns;semi-finished bread;soda}"
"6204","{coffee}"
"6205","{sausage;citrus fruit;tropical fruit;curd;dessert;processed cheese;margarine;soda;canned beer;napkins}"
"6206","{tropical fruit;pip fruit}"
"6207","{pork;tropical fruit;pip fruit;processed cheese;spread cheese;curd cheese;bottled beer}"
"6208","{pork;citrus fruit;dessert;whipped/sour cream;cream cheese ;salty snack;dishes}"
"6209","{other vegetables}"
"6210","{chicken;tropical fruit;yogurt}"
"6211","{ham;beef;tropical fruit;whole milk;curd;yogurt;rolls/buns;ready soups;cat food}"
"6212","{root vegetables;herbs}"
"6213","{tropical fruit;onions;other vegetables;whole milk;butter milk;pickled vegetables;kitchen towels}"
"6214","{soda}"
"6215","{whole milk}"
"6216","{whole milk;yogurt;hard cheese;cream cheese ;margarine;sugar;misc. beverages;detergent;dishes}"
"6217","{bottled beer}"
"6218","{brown bread}"
"6219","{bottled beer}"
"6220","{dessert;canned beer}"
"6221","{sausage;whole milk;cream cheese ;brown bread}"
"6222","{meat;rolls/buns}"
"6223","{pip fruit;yogurt;pastry;baking powder;long life bakery product}"
"6224","{beef;citrus fruit;pip fruit;yogurt;condensed milk;cream cheese ;white bread;dish cleaner;hygiene articles;dishes;shopping bags}"
"6225","{root vegetables;other vegetables;white bread;sparkling wine}"
"6226","{dessert;bottled beer;candy}"
"6227","{dessert;pastry;canned beer}"
"6228","{other vegetables;whole milk;yogurt;bottled water;liquor (appetizer)}"
"6229","{beverages;cat food;dish cleaner;napkins;shopping bags}"
"6230","{frankfurter;citrus fruit;grapes;rolls/buns;pastry;fruit/vegetable juice;chocolate;candy;shopping bags}"
"6231","{citrus fruit;grapes;whipped/sour cream;flour;margarine;sugar;soups;baking powder;long life bakery product;waffles;chocolate;specialty bar;dish cleaner;female sanitary products;cling film/bags}"
"6232","{pastry;cake bar}"
"6233","{yogurt;bottled water;syrup;specialty bar}"
"6234","{whole milk;brown bread;soda}"
"6235","{sausage;pork;citrus fruit;bottled water;soda;misc. beverages;canned beer;red/blush wine}"
"6236","{pip fruit;other vegetables;frozen meals}"
"6237","{sausage;white bread}"
"6238","{bottled water}"
"6239","{meat;root vegetables;whole milk;butter;processed cheese;domestic eggs;bottled water;soda;hygiene articles}"
"6240","{finished products}"
"6241","{other vegetables}"
"6242","{domestic eggs}"
"6243","{soda}"
"6244","{chicken;citrus fruit;tropical fruit;pip fruit;whole milk;white bread}"
"6245","{sausage;coffee;canned beer;liquor;red/blush wine;sparkling wine;shopping bags}"
"6246","{soda;specialty bar}"
"6247","{whole milk;semi-finished bread;zwieback;soda;canned beer}"
"6248","{rolls/buns}"
"6249","{canned beer}"
"6250","{bottled beer}"
"6251","{citrus fruit;whole milk;yogurt;domestic eggs;chewing gum}"
"6252","{napkins}"
"6253","{beef;tropical fruit;whole milk;beverages;frozen vegetables}"
"6254","{canned beer}"
"6255","{ham;root vegetables;whole milk;butter;whipped/sour cream;hard cheese;rolls/buns}"
"6256","{frankfurter;meat;pork;beef;berries;other vegetables;whole milk;domestic eggs;Instant food products;coffee;skin care}"
"6257","{yogurt;soft cheese;rolls/buns;specialty bar}"
"6258","{turkey;beef;root vegetables;whole milk}"
"6259","{whole milk}"
"6260","{yogurt;sugar;baking powder;fruit/vegetable juice;newspapers}"
"6261","{chicken;other vegetables;whole milk;frozen vegetables;rolls/buns;pastry}"
"6262","{whole milk;domestic eggs;bottled water;soda;shopping bags}"
"6263","{sausage;pork;other vegetables;whole milk;coffee}"
"6264","{chicken;bottled water}"
"6265","{citrus fruit;berries;other vegetables;whole milk;dessert;whipped/sour cream;cream cheese ;bottled water}"
"6266","{tropical fruit;other vegetables;yogurt}"
"6267","{rolls/buns}"
"6268","{UHT-milk;hygiene articles;napkins;cling film/bags}"
"6269","{candy}"
"6270","{pip fruit;bottled water;white wine;newspapers}"
"6271","{whole milk;yogurt;mustard;bottled water;newspapers}"
"6272","{coffee;shopping bags}"
"6273","{sausage;meat;brown bread;bottled water;soda;canned beer;shopping bags}"
"6274","{citrus fruit;other vegetables;canned fish;bottled water}"
"6275","{rolls/buns}"
"6276","{whole milk;yogurt;coffee}"
"6277","{whipped/sour cream;rolls/buns}"
"6278","{citrus fruit;tropical fruit;white bread;fruit/vegetable juice;napkins;shopping bags}"
"6279","{butter milk;salt;vinegar;cat food}"
"6280","{frankfurter;beef;other vegetables;whole milk;domestic eggs;rolls/buns}"
"6281","{frankfurter;butter milk;rolls/buns;coffee}"
"6282","{beef;tropical fruit;onions;whole milk;butter;yogurt;rolls/buns;brown bread;sauces;canned vegetables;bottled water;fruit/vegetable juice;canned beer;long life bakery product;specialty chocolate}"
"6283","{chicken;root vegetables;margarine;bottled water;soda}"
"6284","{canned beer}"
"6285","{sausage;liver loaf;whole milk;cream cheese ;rolls/buns;salt}"
"6286","{specialty bar}"
"6287","{bottled water}"
"6288","{chicken;other vegetables;oil}"
"6289","{whole milk;newspapers}"
"6290","{sausage;meat;tropical fruit;other vegetables;whole milk;yogurt;rolls/buns;bottled water;soda;bottled beer;newspapers}"
"6291","{canned beer}"
"6292","{rolls/buns}"
"6293","{bottled water;soda;misc. beverages;flower soil/fertilizer}"
"6294","{soda}"
"6295","{chicken;citrus fruit;root vegetables;butter;domestic eggs;brown bread;margarine;sweet spreads;dental care;shopping bags}"
"6296","{beverages;rolls/buns}"
"6297","{nuts/prunes}"
"6298","{rolls/buns}"
"6299","{other vegetables;curd;yogurt;shopping bags}"
"6300","{packaged fruit/vegetables;frozen fish;napkins}"
"6301","{sausage;rolls/buns;newspapers}"
"6302","{pip fruit;whole milk;yogurt;pastry;seasonal products;male cosmetics}"
"6303","{soda;napkins}"
"6304","{liver loaf;rolls/buns;soda}"
"6305","{pork;berries;sugar;candy;dishes}"
"6306","{chicken;packaged fruit/vegetables;frozen vegetables;frozen meals;misc. beverages;newspapers;flower (seeds)}"
"6307","{tropical fruit;whole milk;butter milk;brown bread;shopping bags}"
"6308","{flower soil/fertilizer}"
"6309","{meat;butter;pastry;soda}"
"6310","{sausage;hamburger meat;tropical fruit;whole milk;sliced cheese;rolls/buns;oil;Instant food products;soda}"
"6311","{citrus fruit;other vegetables;whole milk;domestic eggs;soda}"
"6312","{beef;other vegetables;whole milk;yogurt}"
"6313","{whole milk}"
"6314","{whipped/sour cream;domestic eggs;salt;sugar;canned vegetables;soda;canned beer;dish cleaner;hygiene articles;shopping bags}"
"6315","{chicken;whole milk}"
"6316","{chicken;hamburger meat;onions;frozen meals;domestic eggs;vinegar;Instant food products;baking powder;pudding powder;bottled water;skin care;hygiene articles;house keeping products}"
"6317","{bottled water;soda}"
"6318","{pork;hygiene articles}"
"6319","{ice cream;brown bread;bottled water;soda}"
"6320","{ham;other vegetables;frozen meals;pasta;pickled vegetables;soda;misc. beverages;candy}"
"6321","{butter milk;whipped/sour cream;dog food;coffee;soda;abrasive cleaner;newspapers}"
"6322","{frankfurter}"
"6323","{pork;brown bread;bottled water;soda}"
"6324","{sausage;pork;tropical fruit;other vegetables;yogurt;frozen vegetables;rolls/buns;bottled water}"
"6325","{berries;other vegetables;curd;brown bread;canned fish;chocolate;detergent}"
"6326","{sausage;citrus fruit;yogurt;detergent;soap}"
"6327","{whole milk}"
"6328","{other vegetables;rolls/buns}"
"6329","{sausage;other vegetables;rolls/buns;canned beer;shopping bags}"
"6330","{rolls/buns;bottled water;canned beer;newspapers}"
"6331","{yogurt}"
"6332","{root vegetables;packaged fruit/vegetables;pastry}"
"6333","{rolls/buns;soda}"
"6334","{herbs;packaged fruit/vegetables}"
"6335","{other vegetables;whole milk;pastry;waffles;specialty bar;shopping bags}"
"6336","{pip fruit;whole milk;curd;yogurt;whipped/sour cream;rolls/buns;oil;margarine;mustard;candles;newspapers}"
"6337","{pork;root vegetables;other vegetables}"
"6338","{soda}"
"6339","{onions;other vegetables;UHT-milk;condensed milk;cream cheese ;salt;sugar;dog food;soda}"
"6340","{other vegetables}"
"6341","{hamburger meat;tropical fruit;pip fruit;grapes;berries;packaged fruit/vegetables;whipped/sour cream;coffee;cake bar;shopping bags}"
"6342","{rum}"
"6343","{shopping bags}"
"6344","{other vegetables;whole milk}"
"6345","{beef;citrus fruit;rice;dog food;soda;fruit/vegetable juice;dishes;shopping bags}"
"6346","{root vegetables}"
"6347","{frankfurter}"
"6348","{frankfurter;other vegetables;whole milk;curd;frozen fish;domestic eggs;margarine;tea;bottled beer;canned beer}"
"6349","{ice cream;frozen dessert}"
"6350","{pastry;soda}"
"6351","{chicken}"
"6352","{baking powder;soda;shopping bags}"
"6353","{berries;other vegetables}"
"6354","{pet care}"
"6355","{misc. beverages}"
"6356","{sausage;beef;pip fruit;whole milk;cream cheese ;white bread;brown bread;seasonal products;hygiene articles}"
"6357","{whipped/sour cream}"
"6358","{rolls/buns;soda}"
"6359","{fish;coffee}"
"6360","{tropical fruit;onions}"
"6361","{other vegetables;butter milk;cream cheese ;rolls/buns}"
"6362","{ham;processed cheese;rolls/buns}"
"6363","{meat;chicken;pork;packaged fruit/vegetables;rolls/buns;pastry;rice;fruit/vegetable juice}"
"6364","{margarine;flower (seeds)}"
"6365","{sausage;rolls/buns;specialty chocolate}"
"6366","{citrus fruit;tropical fruit;butter milk;yogurt;rolls/buns}"
"6367","{sausage;sliced cheese;canned beer}"
"6368","{sausage;rolls/buns;fruit/vegetable juice}"
"6369","{other vegetables;rolls/buns;soda}"
"6370","{meat;other vegetables;pickled vegetables;coffee;liquor;long life bakery product;newspapers}"
"6371","{soda;specialty bar}"
"6372","{sausage;pip fruit;other vegetables;coffee}"
"6373","{pip fruit;soft cheese}"
"6374","{tropical fruit;margarine}"
"6375","{other vegetables;butter milk;rolls/buns;meat spreads}"
"6376","{pastry;soda}"
"6377","{frankfurter;rolls/buns;soda}"
"6378","{domestic eggs;rolls/buns}"
"6379","{rolls/buns;canned fish}"
"6380","{citrus fruit;pip fruit;berries;coffee;detergent;candles;shopping bags}"
"6381","{domestic eggs;soda;hygiene articles}"
"6382","{citrus fruit;instant coffee;fruit/vegetable juice;canned beer;chocolate;candy;house keeping products;shopping bags}"
"6383","{citrus fruit;butter}"
"6384","{sausage;rolls/buns;soda}"
"6385","{ice cream;brown bread}"
"6386","{citrus fruit;other vegetables;hard cheese;spices;coffee;canned beer;chocolate;candy;flower (seeds);shopping bags}"
"6387","{pip fruit;whole milk;newspapers}"
"6388","{citrus fruit;whole milk;domestic eggs;pastry;salt;oil;sugar;cocoa drinks}"
"6389","{brown bread;bottled beer}"
"6390","{sausage;bottled water}"
"6391","{canned beer}"
"6392","{sausage;other vegetables;butter;pastry;soda;dishes}"
"6393","{canned beer}"
"6394","{soda;soap}"
"6395","{citrus fruit;other vegetables;mayonnaise;frozen vegetables;brown bread;pickled vegetables;canned fish;chocolate marshmallow}"
"6396","{sausage;meat;whole milk;rolls/buns;cake bar;shopping bags}"
"6397","{other vegetables;snack products}"
"6398","{beef;root vegetables}"
"6399","{meat;turkey;onions;other vegetables;sliced cheese;ice cream;sauces;waffles;dishes}"
"6400","{canned beer}"
"6401","{ice cream}"
"6402","{soda}"
"6403","{whole milk}"
"6404","{pastry;canned fish;salty snack;waffles}"
"6405","{whipped/sour cream;curd cheese;specialty chocolate;abrasive cleaner}"
"6406","{chocolate}"
"6407","{pork;root vegetables;beverages;white bread;sugar}"
"6408","{rolls/buns}"
"6409","{frankfurter;whole milk;yogurt;tidbits;frozen vegetables;rolls/buns;detergent}"
"6410","{salty snack;newspapers;photo/film}"
"6411","{photo/film}"
"6412","{photo/film}"
"6413","{soda;canned beer}"
"6414","{bottled beer;canned beer}"
"6415","{frozen meals;soda}"
"6416","{citrus fruit;dessert;seasonal products}"
"6417","{domestic eggs;brown bread;fruit/vegetable juice;waffles}"
"6418","{tropical fruit;yogurt;bottled water;soda;specialty bar}"
"6419","{seasonal products}"
"6420","{grapes;whole milk;ice cream;bottled water;chocolate}"
"6421","{shopping bags}"
"6422","{semi-finished bread}"
"6423","{tropical fruit;butter milk;domestic eggs;rolls/buns;bottled water;soda;fruit/vegetable juice}"
"6424","{seasonal products}"
"6425","{salty snack;specialty bar;napkins;newspapers}"
"6426","{citrus fruit;specialty bar}"
"6427","{rolls/buns;canned beer;shopping bags}"
"6428","{ice cream;soda}"
"6429","{sausage;rolls/buns}"
"6430","{yogurt;soda}"
"6431","{pastry;soda;specialty bar}"
"6432","{hamburger meat;other vegetables;rolls/buns;instant coffee;hygiene articles}"
"6433","{onions;other vegetables;specialty cheese;bottled water;shopping bags}"
"6434","{whipped/sour cream;frozen vegetables}"
"6435","{newspapers}"
"6436","{other vegetables;roll products ;bottled water;bottled beer}"
"6437","{liver loaf;whole milk;yogurt;frozen potato products;domestic eggs;rolls/buns;misc. beverages}"
"6438","{rolls/buns;pasta;bottled beer}"
"6439","{fish;other vegetables;white bread;soda}"
"6440","{canned beer;shopping bags}"
"6441","{bottled beer;newspapers}"
"6442","{frozen meals}"
"6443","{pot plants;shopping bags}"
"6444","{pork;tropical fruit;waffles;newspapers}"
"6445","{berries;salty snack;nut snack}"
"6446","{sausage;beef;root vegetables;other vegetables;curd;cereals;soda;waffles}"
"6447","{white bread;semi-finished bread;soda}"
"6448","{shopping bags}"
"6449","{cream cheese ;rolls/buns;soda;chewing gum}"
"6450","{berries;soda}"
"6451","{tropical fruit}"
"6452","{frozen meals}"
"6453","{ice cream;kitchen towels}"
"6454","{frankfurter;rolls/buns;chocolate}"
"6455","{rolls/buns}"
"6456","{fruit/vegetable juice;chocolate}"
"6457","{beverages;cream cheese ;rolls/buns}"
"6458","{berries;whole milk;whipped/sour cream;beverages;fruit/vegetable juice;newspapers}"
"6459","{fruit/vegetable juice}"
"6460","{sausage;soda;bottled beer;liquor;red/blush wine}"
"6461","{tropical fruit;soda}"
"6462","{soda}"
"6463","{finished products;cream cheese ;bottled water;specialty bar;shopping bags}"
"6464","{salt}"
"6465","{berries;yogurt;beverages;UHT-milk;domestic eggs;rolls/buns;mustard}"
"6466","{potato products}"
"6467","{ham;rolls/buns;bottled beer}"
"6468","{specialty chocolate;newspapers}"
"6469","{whole milk;whipped/sour cream;pot plants}"
"6470","{pastry}"
"6471","{frankfurter;sausage;tropical fruit;pip fruit;grapes;root vegetables;other vegetables;whole milk;yogurt;sliced cheese;frozen meals;frozen fish;brown bread;rice;oil;red/blush wine;hygiene articles}"
"6472","{grapes;berries;pet care;pot plants}"
"6473","{pot plants}"
"6474","{other vegetables;whole milk;curd}"
"6475","{root vegetables;other vegetables}"
"6476","{soda}"
"6477","{bottled beer}"
"6478","{rolls/buns;misc. beverages}"
"6479","{grapes;berries;root vegetables;other vegetables;packaged fruit/vegetables;curd;yogurt;brown bread;pastry}"
"6480","{tropical fruit;dessert;UHT-milk;cream cheese ;frozen vegetables;brown bread;misc. beverages}"
"6481","{citrus fruit;coffee}"
"6482","{chicken;whole milk}"
"6483","{citrus fruit;tropical fruit;root vegetables;other vegetables;whole milk;specialty cheese;canned vegetables}"
"6484","{cleaner}"
"6485","{canned beer}"
"6486","{misc. beverages}"
"6487","{soap;napkins}"
"6488","{specialty chocolate}"
"6489","{pip fruit;whole milk;frozen vegetables;napkins;candles}"
"6490","{other vegetables;whole milk;pastry;margarine;coffee;shopping bags}"
"6491","{pork;curd cheese;rolls/buns}"
"6492","{pork;herbs;whole milk;yogurt;whipped/sour cream;frozen vegetables;oil;liquor (appetizer)}"
"6493","{cereals;pet care;salty snack;shopping bags}"
"6494","{tropical fruit}"
"6495","{sparkling wine}"
"6496","{other vegetables;dessert;canned beer;chewing gum;flower (seeds)}"
"6497","{dish cleaner}"
"6498","{tropical fruit;yogurt;rolls/buns;waffles}"
"6499","{pork;butter;soda;hygiene articles}"
"6500","{pork;beef;grapes;other vegetables;baking powder;soda}"
"6501","{frankfurter;beef;grapes;root vegetables;rolls/buns;soda;long life bakery product}"
"6502","{rolls/buns;bottled water;bottled beer}"
"6503","{yogurt;long life bakery product}"
"6504","{packaged fruit/vegetables;soda;napkins}"
"6505","{sausage;berries;packaged fruit/vegetables;specialty fat}"
"6506","{tropical fruit;other vegetables;whole milk;dessert;white bread;bottled water;misc. beverages;cake bar}"
"6507","{cream cheese ;rolls/buns}"
"6508","{curd;rolls/buns}"
"6509","{whole milk;beverages}"
"6510","{whole milk}"
"6511","{other vegetables}"
"6512","{sausage;beef;root vegetables;whole milk;butter;curd;yogurt;cream cheese ;rolls/buns;margarine}"
"6513","{butter;white bread}"
"6514","{tropical fruit;other vegetables;frozen vegetables;white bread;pastry;sugar;soda;shopping bags}"
"6515","{hamburger meat}"
"6516","{chicken;citrus fruit;tropical fruit;grapes;other vegetables;whole milk;yogurt;domestic eggs;flour;oil;coffee;fruit/vegetable juice}"
"6517","{cooking chocolate;female sanitary products}"
"6518","{zwieback;long life bakery product}"
"6519","{cream cheese ;specialty chocolate}"
"6520","{sausage}"
"6521","{zwieback}"
"6522","{waffles}"
"6523","{yogurt;pastry;soups;detergent;flower (seeds)}"
"6524","{meat;other vegetables;curd;sliced cheese;pasta;shopping bags}"
"6525","{sausage}"
"6526","{turkey;citrus fruit;tropical fruit;pip fruit;grapes;cream cheese ;semi-finished bread;margarine;fruit/vegetable juice;specialty bar;shopping bags}"
"6527","{citrus fruit;pip fruit;UHT-milk;pet care;coffee;bottled beer}"
"6528","{berries;whole milk;butter;whipped/sour cream;domestic eggs;flour;meat spreads;canned fish;bottled water;liquor;shopping bags}"
"6529","{canned beer;specialty bar}"
"6530","{whole milk;cake bar}"
"6531","{whole milk}"
"6532","{berries;other vegetables;butter milk;yogurt;bottled water}"
"6533","{hamburger meat;rice;soups;sauces}"
"6534","{liquor;chocolate marshmallow}"
"6535","{chocolate}"
"6536","{sausage;rolls/buns;chocolate}"
"6537","{domestic eggs;chocolate marshmallow;newspapers}"
"6538","{chicken;frozen vegetables;frozen dessert;bottled water;soda}"
"6539","{sausage;chicken;tropical fruit;grapes;berries;ice cream;misc. beverages}"
"6540","{butter milk;coffee}"
"6541","{ham;beef;whole milk;whipped/sour cream;cream cheese ;ice cream;bottled water;specialty chocolate}"
"6542","{whole milk;dessert;pastry;long life bakery product}"
"6543","{beef;citrus fruit;pip fruit}"
"6544","{specialty bar}"
"6545","{coffee}"
"6546","{beverages}"
"6547","{fish;other vegetables;packaged fruit/vegetables;cat food;pet care;coffee;bottled water;red/blush wine}"
"6548","{pip fruit;other vegetables;whole milk;frozen vegetables;chewing gum}"
"6549","{coffee}"
"6550","{canned beer}"
"6551","{frozen fish;chocolate marshmallow;candy;male cosmetics}"
"6552","{whole milk;rolls/buns;pastry}"
"6553","{whole milk;dessert;rolls/buns;roll products ;flour;vinegar;sugar;soups;fruit/vegetable juice;chocolate}"
"6554","{pastry}"
"6555","{sausage;spread cheese;rolls/buns}"
"6556","{beef}"
"6557","{frankfurter;other vegetables;dessert}"
"6558","{meat;chicken;pork;hamburger meat;citrus fruit;onions;other vegetables;yogurt;UHT-milk;spread cheese;domestic eggs;rolls/buns;margarine;bottled water;canned beer;female sanitary products;shopping bags}"
"6559","{whole milk;newspapers}"
"6560","{canned beer;white wine}"
"6561","{rolls/buns;soda}"
"6562","{pip fruit}"
"6563","{whole milk;ice cream;soda}"
"6564","{sausage;root vegetables;other vegetables;dessert;napkins}"
"6565","{beef;berries;yogurt;semi-finished bread;pasta;bottled water;misc. beverages;hygiene articles}"
"6566","{pastry;bottled beer;liquor;red/blush wine}"
"6567","{frankfurter;other vegetables;whole milk;curd;domestic eggs;white bread;sweet spreads;shopping bags}"
"6568","{yogurt;frozen meals;soda}"
"6569","{cat food;white wine;shopping bags}"
"6570","{pet care;soda;white wine}"
"6571","{ham;tropical fruit;butter;yogurt;processed cheese;white bread;soda;fruit/vegetable juice;specialty bar}"
"6572","{sausage;tropical fruit;berries;whole milk;butter;dessert;pastry;soda;fruit/vegetable juice;long life bakery product;chewing gum;hygiene articles}"
"6573","{tropical fruit;pip fruit;whole milk}"
"6574","{whole milk;pastry;newspapers}"
"6575","{canned vegetables;bottled beer}"
"6576","{pork}"
"6577","{pip fruit;frozen meals;soda;shopping bags}"
"6578","{sausage;onions;yogurt;detergent}"
"6579","{pork;beef;citrus fruit;root vegetables;herbs;other vegetables;roll products ;bottled water;bottled beer;specialty chocolate}"
"6580","{citrus fruit;whole milk;yogurt;white bread;sugar;soda;napkins;shopping bags}"
"6581","{citrus fruit}"
"6582","{sausage;pork;yogurt;spread cheese;cereals;canned vegetables;salty snack;cling film/bags;shopping bags}"
"6583","{berries;newspapers}"
"6584","{brown bread;meat spreads;bottled water;fruit/vegetable juice}"
"6585","{curd;whipped/sour cream;cream cheese ;margarine;long life bakery product}"
"6586","{whipped/sour cream}"
"6587","{pip fruit;whole milk;butter;dessert;domestic eggs;rice;sugar;salty snack}"
"6588","{sausage;curd;soda}"
"6589","{shopping bags}"
"6590","{citrus fruit;hygiene articles;cling film/bags}"
"6591","{frankfurter;chicken;root vegetables;other vegetables;whole milk;dessert;butter milk;yogurt;whipped/sour cream;sliced cheese;hard cheese;pastry;semi-finished bread;flour;pasta;canned vegetables;specialty chocolate;male cosmetics;newspapers;shopping bags}"
"6592","{oil;bottled beer}"
"6593","{beverages}"
"6594","{soda;cake bar;candy}"
"6595","{whole milk;soda;seasonal products}"
"6596","{pork;beef;cream cheese ;tidbits;soda}"
"6597","{bottled water}"
"6598","{brown bread}"
"6599","{whole milk;frozen vegetables}"
"6600","{rolls/buns}"
"6601","{whole milk;spices}"
"6602","{ham;finished products;whipped/sour cream;hard cheese;pasta}"
"6603","{frankfurter;citrus fruit;onions;other vegetables;canned beer;chocolate}"
"6604","{specialty cheese;soda}"
"6605","{pork;tropical fruit;soda;canned beer;liquor (appetizer);newspapers}"
"6606","{citrus fruit;mustard;soda;canned beer;salty snack;chocolate;candy;shopping bags}"
"6607","{canned vegetables;bottled water}"
"6608","{sausage;pip fruit;other vegetables;hard cheese;brown bread;oil;hygiene articles}"
"6609","{frankfurter;ham;dessert;yogurt;processed cheese;white bread;pastry;soda}"
"6610","{domestic eggs;canned beer}"
"6611","{sausage;yogurt;white wine}"
"6612","{spread cheese;misc. beverages}"
"6613","{other vegetables;domestic eggs;napkins;dishes}"
"6614","{misc. beverages;specialty chocolate;candy}"
"6615","{citrus fruit;tropical fruit;yogurt;frozen fish;rolls/buns;canned vegetables;soda;fruit/vegetable juice;red/blush wine;chocolate;candy;seasonal products;hygiene articles}"
"6616","{beef;root vegetables;hygiene articles}"
"6617","{yogurt;seasonal products}"
"6618","{sausage;pork;root vegetables;other vegetables;whole milk;butter;yogurt;whipped/sour cream;sliced cheese;zwieback;sugar;coffee}"
"6619","{chocolate}"
"6620","{other vegetables;frozen fish;pickled vegetables;dog food;salty snack;shopping bags}"
"6621","{butter;ice cream;brown bread;bottled beer;rum}"
"6622","{tropical fruit;seasonal products}"
"6623","{other vegetables;sweet spreads;long life bakery product;detergent}"
"6624","{canned beer;chocolate;pot plants}"
"6625","{chicken;pork;beef;other vegetables;salt;bottled water}"
"6626","{sausage;pastry}"
"6627","{curd;salty snack}"
"6628","{salty snack}"
"6629","{other vegetables;whole milk;yogurt;rolls/buns;ketchup;canned vegetables;napkins;photo/film}"
"6630","{citrus fruit;tropical fruit;whole milk;yogurt;soft cheese;cat food;bottled water;chocolate;specialty chocolate}"
"6631","{sausage;soda;shopping bags}"
"6632","{citrus fruit;tropical fruit;rolls/buns;oil;mustard;soups;sweet spreads;soda;syrup;canned beer;waffles;chocolate;specialty bar;dish cleaner;baby cosmetics;cookware}"
"6633","{tropical fruit;coffee;soda;misc. beverages;canned beer;waffles;chocolate}"
"6634","{chicken;pork;beef;grapes;other vegetables;whole milk;butter;yogurt;margarine;waffles}"
"6635","{white wine;chocolate;shopping bags}"
"6636","{sausage;other vegetables;brown bread}"
"6637","{sausage;spices;newspapers}"
"6638","{cat food;female sanitary products}"
"6639","{beef;root vegetables;herbs;packaged fruit/vegetables;brown bread;canned vegetables}"
"6640","{frankfurter;tropical fruit}"
"6641","{frankfurter;turkey;tropical fruit;grapes;root vegetables;other vegetables;whole milk;frozen vegetables;frozen meals;frozen potato products;pastry;pickled vegetables;sweet spreads;soda;misc. beverages;salty snack;cake bar;chocolate;detergent;house keeping products}"
"6642","{tropical fruit;long life bakery product}"
"6643","{bottled water;specialty chocolate}"
"6644","{whole milk;dessert;ice cream;misc. beverages;canned beer;cake bar}"
"6645","{pet care}"
"6646","{ham;yogurt;UHT-milk;sliced cheese;frozen vegetables;frozen dessert;semi-finished bread;sweet spreads;fruit/vegetable juice;newspapers;shopping bags}"
"6647","{pip fruit;dessert;butter milk;yogurt;whipped/sour cream;frozen vegetables;rolls/buns}"
"6648","{bottled water;male cosmetics}"
"6649","{tropical fruit;brown bread;margarine;cat food;detergent;cling film/bags;newspapers}"
"6650","{citrus fruit;coffee;canned beer;chewing gum;shopping bags}"
"6651","{pork;root vegetables;pastry;bottled beer}"
"6652","{citrus fruit;whole milk;pastry;soda;red/blush wine}"
"6653","{newspapers}"
"6654","{curd;specialty cheese;flour;long life bakery product}"
"6655","{whole milk;cream cheese ;specialty chocolate;candy}"
"6656","{sausage;butter;bottled beer}"
"6657","{UHT-milk;canned beer}"
"6658","{tropical fruit;condensed milk;dog food;bottled water;fruit/vegetable juice;specialty chocolate}"
"6659","{yogurt;bottled water;misc. beverages;fruit/vegetable juice;candy;light bulbs;newspapers}"
"6660","{other vegetables;yogurt;beverages;UHT-milk;cream cheese ;long life bakery product;hygiene articles;napkins}"
"6661","{turkey;tropical fruit;pip fruit;onions;whipped/sour cream;pastry;semi-finished bread;potato products;coffee;salty snack;shopping bags}"
"6662","{pastry;ketchup;chocolate;napkins}"
"6663","{whipped/sour cream;candy}"
"6664","{misc. beverages}"
"6665","{brown bread}"
"6666","{ham;chicken;other vegetables;processed cheese;white bread;detergent}"
"6667","{sausage;dessert;sliced cheese;brown bread;detergent;kitchen towels;pot plants;shopping bags}"
"6668","{tropical fruit;yogurt;beverages;rolls/buns;waffles;specialty chocolate;shopping bags}"
"6669","{citrus fruit;root vegetables;yogurt;hard cheese;fruit/vegetable juice}"
"6670","{photo/film}"
"6671","{sausage;other vegetables;rolls/buns;brown bread;margarine;sugar;bottled water;canned beer;shopping bags}"
"6672","{pork;frozen potato products;rice;flower (seeds)}"
"6673","{frankfurter;citrus fruit;tropical fruit;whole milk;white bread;chewing gum}"
"6674","{brown bread;pastry;bottled water}"
"6675","{pork;root vegetables;onions;dessert;whipped/sour cream;UHT-milk;brown bread;newspapers}"
"6676","{chocolate;pot plants;shopping bags}"
"6677","{frankfurter;yogurt;margarine;bottled water}"
"6678","{whole milk;beverages;bottled beer}"
"6679","{chicken;pip fruit;root vegetables;herbs;whole milk;frozen vegetables;domestic eggs}"
"6680","{citrus fruit;root vegetables;packaged fruit/vegetables;whole milk;yogurt;cat food;bottled water;chocolate;napkins}"
"6681","{hamburger meat;tropical fruit;root vegetables;other vegetables;yogurt;whipped/sour cream;cream cheese ;rolls/buns;baking powder}"
"6682","{root vegetables;whole milk;bottled water;abrasive cleaner;cling film/bags}"
"6683","{finished products;pet care;soda}"
"6684","{canned beer}"
"6685","{whole milk;pasta;mustard;ketchup;dog food;soda;newspapers}"
"6686","{bottled water;fruit/vegetable juice;white wine}"
"6687","{turkey;whole milk;domestic eggs;rolls/buns;flour;mustard;cereals;long life bakery product}"
"6688","{turkey;tropical fruit;whole milk;yogurt;beverages;hard cheese;cream cheese ;brown bread;baking powder;dog food;bottled water;soda;fruit/vegetable juice;canned beer;detergent;pot plants}"
"6689","{meat;turkey;hamburger meat;citrus fruit;pip fruit;whole milk;butter;yogurt;specialty cheese;rolls/buns;brown bread;Instant food products;bottled beer;specialty chocolate;newspapers}"
"6690","{tropical fruit;pip fruit;yogurt;frozen meals;rolls/buns;ready soups;bottled water;soda;newspapers}"
"6691","{detergent;softener;shopping bags}"
"6692","{liquor}"
"6693","{citrus fruit;whole milk;pot plants}"
"6694","{whole milk}"
"6695","{frankfurter;pip fruit;other vegetables;soda;bottled beer}"
"6696","{frankfurter;margarine;newspapers;shopping bags}"
"6697","{waffles}"
"6698","{whole milk;yogurt;rolls/buns;soups;coffee}"
"6699","{berries;whole milk;hard cheese;processed cheese;domestic eggs;rolls/buns;white bread;margarine;sugar;waffles}"
"6700","{frankfurter;sausage;hamburger meat;pip fruit;other vegetables;whole milk;dessert;frozen meals;domestic eggs;soda}"
"6701","{citrus fruit;tropical fruit;yogurt;rolls/buns;red/blush wine}"
"6702","{soda}"
"6703","{pork;root vegetables;whole milk;pickled vegetables;coffee}"
"6704","{frankfurter;pork;tropical fruit;pip fruit;other vegetables;whipped/sour cream;beverages;white bread}"
"6705","{ham;whole milk;sliced cheese;bottled water;napkins}"
"6706","{citrus fruit;berries;whole milk;butter milk;whipped/sour cream;frozen vegetables;mustard;baking powder;soda;fruit/vegetable juice;liquor (appetizer);nut snack;cooking chocolate}"
"6707","{chicken;whole milk;soft cheese;coffee;salty snack;specialty chocolate}"
"6708","{whole milk}"
"6709","{tropical fruit;berries;other vegetables;whole milk;butter;yogurt;cream cheese ;brown bread}"
"6710","{curd;whipped/sour cream;newspapers}"
"6711","{sausage;citrus fruit;tropical fruit;root vegetables;other vegetables;whole milk;yogurt;whipped/sour cream;processed cheese;rolls/buns;pastry;coffee;cake bar;newspapers}"
"6712","{hamburger meat;whole milk;white bread;brown bread;sugar;fruit/vegetable juice}"
"6713","{citrus fruit;whole milk;butter milk;UHT-milk;domestic eggs;rolls/buns;semi-finished bread;margarine;bottled water}"
"6714","{sausage;rolls/buns;chewing gum;specialty bar}"
"6715","{red/blush wine;specialty bar}"
"6716","{other vegetables;whole milk;white bread}"
"6717","{ham;other vegetables;processed cheese;rolls/buns;white bread;brown bread;margarine}"
"6718","{beef;citrus fruit;root vegetables;whole milk;domestic eggs;rubbing alcohol}"
"6719","{pip fruit;bottled water;liquor;napkins;cling film/bags}"
"6720","{beef}"
"6721","{whole milk;roll products ;semi-finished bread;margarine;pet care;instant coffee;soda;bottled beer;salty snack;popcorn;long life bakery product}"
"6722","{pork;root vegetables;whole milk;whipped/sour cream;ice cream;brown bread;flour;pasta;margarine;sugar;pudding powder;bottled water;specialty chocolate;detergent;dish cleaner;hygiene articles;cling film/bags;house keeping products;candles}"
"6723","{frankfurter;whole milk;bottled water}"
"6724","{red/blush wine}"
"6725","{bottled water;soda;pot plants}"
"6726","{ham;beef;butter;yogurt;specialty cheese;domestic eggs;bottled water;cake bar;pot plants}"
"6727","{soda}"
"6728","{soda}"
"6729","{yogurt}"
"6730","{cleaner}"
"6731","{frankfurter;other vegetables;yogurt;UHT-milk;soft cheese;domestic eggs;rolls/buns;dish cleaner}"
"6732","{frankfurter;onions;whole milk}"
"6733","{pip fruit;yogurt;soft cheese;brown bread;seasonal products}"
"6734","{ham;whole milk;soft cheese;long life bakery product}"
"6735","{condensed milk;rolls/buns;sugar;cat food}"
"6736","{soda;long life bakery product;shopping bags}"
"6737","{beef;rolls/buns;dog food;soda}"
"6738","{rolls/buns}"
"6739","{pork;other vegetables;rolls/buns}"
"6740","{sausage;ham;root vegetables;other vegetables;soft cheese;sliced cheese;mustard;specialty vegetables;bottled beer;rum;long life bakery product}"
"6741","{sausage;meat;chicken;hamburger meat;tropical fruit;herbs;other vegetables;ice cream;white bread;soda;specialty chocolate;dish cleaner;abrasive cleaner}"
"6742","{butter;frozen vegetables;margarine;cake bar}"
"6743","{berries;beverages}"
"6744","{sausage;whole milk;butter;cream cheese ;pickled vegetables;fruit/vegetable juice;long life bakery product}"
"6745","{sausage;root vegetables;whole milk;pastry;soda;soap}"
"6746","{sausage;citrus fruit;pip fruit;whole milk;butter milk}"
"6747","{hamburger meat;other vegetables;rolls/buns}"
"6748","{other vegetables;butter;sliced cheese;cream cheese ;rolls/buns;margarine;soda;misc. beverages}"
"6749","{soda;bottled beer}"
"6750","{sausage;soda;white wine;chewing gum;shopping bags}"
"6751","{rolls/buns;brown bread;canned beer}"
"6752","{beef;onions;other vegetables;whipped/sour cream;domestic eggs;pastry;flour;pet care;fruit/vegetable juice;canned beer;newspapers}"
"6753","{sausage;other vegetables;butter;curd;whipped/sour cream;hard cheese;flour;sauces;misc. beverages;fruit/vegetable juice;salty snack}"
"6754","{pork;beef;root vegetables;other vegetables;whole milk;domestic eggs;rice;sugar;fruit/vegetable juice;bottled beer;abrasive cleaner;soap;newspapers}"
"6755","{rolls/buns}"
"6756","{pip fruit;root vegetables;herbs;whole milk;curd;yogurt;canned fish;pot plants}"
"6757","{whole milk;bottled water;pot plants}"
"6758","{frankfurter;root vegetables;whole milk;margarine}"
"6759","{pork;beef;root vegetables}"
"6760","{sausage;whole milk;margarine}"
"6761","{packaged fruit/vegetables;whole milk;beverages;rolls/buns;napkins}"
"6762","{coffee;bottled water;cling film/bags}"
"6763","{other vegetables;whole milk;curd;domestic eggs;hygiene articles}"
"6764","{sausage;citrus fruit;onions;other vegetables;whole milk;sliced cheese;cream cheese ;salt;newspapers}"
"6765","{ham;tropical fruit;beverages;white bread;pastry;waffles;specialty chocolate;specialty bar}"
"6766","{bottled water;white wine}"
"6767","{bottled water;soda}"
"6768","{ham;root vegetables;onions;whole milk;domestic eggs;rolls/buns;brown bread;pastry;newspapers}"
"6769","{tropical fruit;root vegetables;whole milk;curd;domestic eggs;brown bread;fruit/vegetable juice}"
"6770","{tropical fruit;pip fruit;other vegetables;soda;bottled beer;liquor (appetizer)}"
"6771","{berries}"
"6772","{whole milk;rolls/buns;brown bread;margarine}"
"6773","{canned vegetables;newspapers}"
"6774","{other vegetables;frozen potato products;oil;shopping bags}"
"6775","{pip fruit;UHT-milk;white bread;brown bread;margarine;softener;napkins}"
"6776","{other vegetables;whole milk;pet care;soda;canned beer;salty snack}"
"6777","{tropical fruit;yogurt;white bread;soda;fruit/vegetable juice;candy;napkins}"
"6778","{rolls/buns;canned beer}"
"6779","{frankfurter;hamburger meat;root vegetables;other vegetables;whole milk;curd;sliced cheese;processed cheese;frozen meals;ice cream;domestic eggs;bottled water;fruit/vegetable juice;bottled beer}"
"6780","{root vegetables;whole milk;hard cheese;domestic eggs;zwieback;rice;mustard;organic products;pickled vegetables;cat food;coffee;fruit/vegetable juice;cleaner;napkins;shopping bags}"
"6781","{chicken;berries;root vegetables;herbs;other vegetables;whole milk;curd;ice cream;domestic eggs;margarine;soups;newspapers}"
"6782","{meat;whole milk;domestic eggs;bottled water}"
"6783","{canned beer}"
"6784","{frankfurter;sausage;hamburger meat;tropical fruit;other vegetables;pastry;soda;salty snack;nut snack;detergent}"
"6785","{ham;beef;citrus fruit;tropical fruit;root vegetables;other vegetables;whole milk;butter milk;domestic eggs;rolls/buns;pastry;mustard;pickled vegetables;soda;long life bakery product;chocolate;specialty chocolate;specialty bar;chocolate marshmallow;candy;napkins;cookware;newspapers}"
"6786","{chicken;rolls/buns}"
"6787","{whole milk;whipped/sour cream}"
"6788","{berries;other vegetables;yogurt;whipped/sour cream;soft cheese;processed cheese;pastry;roll products ;flour;cat food}"
"6789","{pork;other vegetables}"
"6790","{cat food;canned beer;newspapers}"
"6791","{other vegetables;packaged fruit/vegetables;whole milk;white bread}"
"6792","{whole milk;pot plants}"
"6793","{dishes}"
"6794","{whole milk;rolls/buns;pot plants;shopping bags}"
"6795","{whole milk;yogurt;coffee}"
"6796","{pork;root vegetables;bottled water;soda}"
"6797","{sausage;rolls/buns;soda}"
"6798","{whipped/sour cream;specialty fat;waffles;specialty chocolate}"
"6799","{pork;tropical fruit;grapes;root vegetables;other vegetables;whole milk;butter;yogurt;rolls/buns}"
"6800","{chocolate}"
"6801","{long life bakery product;newspapers}"
"6802","{beef;tropical fruit;root vegetables;other vegetables;curd;rolls/buns;tea;bottled water;hygiene articles;flower (seeds)}"
"6803","{frankfurter;pork;beef;tropical fruit;root vegetables;other vegetables;butter;rolls/buns;pastry;coffee;fruit/vegetable juice;chocolate;hygiene articles;newspapers}"
"6804","{tropical fruit;onions;whole milk;whipped/sour cream;margarine;soda}"
"6805","{tropical fruit;root vegetables;whole milk;curd;dessert;butter milk;yogurt;sauces;bottled water;syrup;specialty chocolate;cleaner}"
"6806","{frankfurter;sausage;turkey;tropical fruit;root vegetables;white bread;canned vegetables;soda}"
"6807","{sausage;pip fruit;root vegetables;herbs;whole milk;processed cheese;mayonnaise;soda;rum}"
"6808","{root vegetables;margarine;bottled water;soda}"
"6809","{pork;citrus fruit;pip fruit;root vegetables;other vegetables;whole milk;butter;curd;yogurt;whipped/sour cream;cream cheese ;frozen vegetables;frozen meals;Instant food products;soda;fruit/vegetable juice;salty snack;specialty bar}"
"6810","{chicken;hamburger meat;tropical fruit;pip fruit;root vegetables;other vegetables;rolls/buns;salt;canned vegetables;coffee;soda;canned beer}"
"6811","{other vegetables;whole milk;curd;whipped/sour cream;domestic eggs;rolls/buns}"
"6812","{whole milk;butter;yogurt;frozen meals;rolls/buns;zwieback;margarine;pickled vegetables;fruit/vegetable juice;bottled beer}"
"6813","{whipped/sour cream}"
"6814","{zwieback;salty snack;popcorn;waffles;chocolate}"
"6815","{pork;bottled beer;salty snack;detergent;napkins}"
"6816","{rolls/buns;roll products ;cat food;shopping bags}"
"6817","{root vegetables;other vegetables;butter}"
"6818","{citrus fruit;onions;yogurt;rolls/buns}"
"6819","{pip fruit;onions;other vegetables;vinegar;waffles}"
"6820","{sausage;spread cheese;mustard;bottled water;cleaner;shopping bags}"
"6821","{frankfurter;hamburger meat;pip fruit;other vegetables;butter milk;yogurt;sliced cheese;coffee;specialty bar}"
"6822","{chicken;whole milk;salty snack;long life bakery product}"
"6823","{sausage;other vegetables;packaged fruit/vegetables;bottled beer;red/blush wine}"
"6824","{long life bakery product}"
"6825","{citrus fruit;other vegetables;whole milk;yogurt;bottled water;bottled beer}"
"6826","{other vegetables;butter milk;frozen fish;oil}"
"6827","{pip fruit;whole milk;domestic eggs;white bread;flour;specialty fat;baking powder;bottled water;fruit/vegetable juice;flower (seeds)}"
"6828","{tropical fruit;pip fruit;other vegetables;whole milk;curd;photo/film}"
"6829","{onions;other vegetables;whole milk;curd;yogurt;brown bread;rice;margarine;canned beer;cake bar;dish cleaner;hygiene articles;napkins;house keeping products}"
"6830","{root vegetables;other vegetables;curd;cream cheese ;pastry}"
"6831","{rolls/buns;margarine;tea;bottled beer}"
"6832","{frankfurter;bottled water;soda;newspapers}"
"6833","{turkey;citrus fruit;tropical fruit;root vegetables;herbs;other vegetables;whole milk;curd;hard cheese;cream cheese ;domestic eggs;brown bread;oil;canned fruit;bottled water;misc. beverages;fruit/vegetable juice}"
"6834","{butter milk;cream cheese ;bottled water}"
"6835","{whole milk;butter;rolls/buns;bottled beer}"
"6836","{onions;pastry;pot plants}"
"6837","{herbs;whole milk;butter milk;yogurt;cream cheese ;frozen vegetables;frozen fish;rolls/buns;salt;margarine;newspapers}"
"6838","{berries;yogurt;domestic eggs;newspapers}"
"6839","{ice cream;cereals;chewing gum}"
"6840","{whipped/sour cream;ice cream;pot plants}"
"6841","{chicken;hamburger meat;herbs;other vegetables;whole milk;yogurt;domestic eggs;rolls/buns;light bulbs}"
"6842","{bottled beer;liquor;liquor (appetizer);long life bakery product}"
"6843","{napkins}"
"6844","{sausage;citrus fruit;yogurt;pastry;instant coffee;soda;napkins;newspapers}"
"6845","{tropical fruit;other vegetables;yogurt;frozen vegetables;margarine;pickled vegetables;cat food;detergent;pot plants}"
"6846","{grapes;berries;butter;frozen vegetables;bottled water;soda;cling film/bags}"
"6847","{beef;soda;detergent;flower (seeds)}"
"6848","{whipped/sour cream}"
"6849","{oil}"
"6850","{other vegetables;whipped/sour cream;rolls/buns;pastry;sweet spreads;chocolate}"
"6851","{ice cream}"
"6852","{frankfurter;ham;beef;berries;other vegetables;whole milk;yogurt;domestic eggs;pastry;soda;bottled beer;red/blush wine;flower (seeds)}"
"6853","{hard cheese}"
"6854","{canned beer}"
"6855","{other vegetables}"
"6856","{whole milk;curd;dessert;roll products ;tea;cocoa drinks;bottled beer;canned beer;cooking chocolate;cling film/bags}"
"6857","{sausage;rolls/buns;pastry;soda;seasonal products;shopping bags}"
"6858","{root vegetables;domestic eggs}"
"6859","{other vegetables;bottled beer;red/blush wine;prosecco;specialty chocolate}"
"6860","{sliced cheese;hard cheese;coffee;soda;bottled beer;chewing gum;hygiene articles}"
"6861","{whole milk;dessert}"
"6862","{yogurt;soft cheese}"
"6863","{frankfurter;ham;citrus fruit;tropical fruit;pip fruit;root vegetables;herbs;other vegetables;whole milk;yogurt;whipped/sour cream;processed cheese;domestic eggs;white bread;coffee;bottled beer}"
"6864","{sausage;turkey;tropical fruit;grapes;other vegetables;whole milk;curd;yogurt;semi-finished bread;spices;baking powder;cat food;bottled water;long life bakery product;chocolate}"
"6865","{citrus fruit;pip fruit;other vegetables}"
"6866","{frankfurter;meat;white bread;newspapers}"
"6867","{bottled water;flower (seeds)}"
"6868","{finished products;dessert;pastry;shopping bags}"
"6869","{abrasive cleaner}"
"6870","{dessert;misc. beverages;fruit/vegetable juice}"
"6871","{other vegetables;whole milk;butter;yogurt;beverages;sliced cheese;cereals;pot plants}"
"6872","{curd;whipped/sour cream;bottled water}"
"6873","{bottled beer;nut snack}"
"6874","{whipped/sour cream;newspapers}"
"6875","{frankfurter}"
"6876","{soda}"
"6877","{specialty cheese;soap}"
"6878","{other vegetables;whole milk;frozen vegetables;frozen dessert;soups;soda;napkins;flower (seeds)}"
"6879","{misc. beverages;chocolate;shopping bags}"
"6880","{bottled water}"
"6881","{soda;chewing gum}"
"6882","{other vegetables}"
"6883","{citrus fruit;semi-finished bread;newspapers}"
"6884","{root vegetables;other vegetables;whole milk;pet care;soda}"
"6885","{turkey;packaged fruit/vegetables;butter milk;UHT-milk;rolls/buns;zwieback;bottled water;fruit/vegetable juice}"
"6886","{yogurt;canned beer}"
"6887","{citrus fruit;other vegetables;white bread;brown bread;roll products ;margarine;coffee;fruit/vegetable juice;syrup}"
"6888","{pip fruit;misc. beverages}"
"6889","{curd;yogurt;oil;bottled water;bottled beer;male cosmetics}"
"6890","{liver loaf}"
"6891","{whole milk;processed cheese;pastry;soda}"
"6892","{beef;other vegetables;packaged fruit/vegetables;dog food}"
"6893","{ice cream;dishes}"
"6894","{beef;ice cream}"
"6895","{pork;beef;butter;whipped/sour cream;frozen meals;frozen fish;rolls/buns;pastry;canned fish;cat food;waffles;chocolate;shopping bags}"
"6896","{pip fruit;margarine;soda;long life bakery product;waffles;specialty chocolate;detergent;dish cleaner;hygiene articles;house keeping products;flower soil/fertilizer}"
"6897","{chicken;other vegetables;beverages;spices;hygiene articles}"
"6898","{chicken;citrus fruit;whole milk;processed cheese;coffee;soda;fruit/vegetable juice;canned beer;white wine;candy;shopping bags}"
"6899","{liqueur}"
"6900","{berries;yogurt;whipped/sour cream}"
"6901","{sausage;UHT-milk;domestic eggs;white bread;soda;cake bar}"
"6902","{sausage;root vegetables;butter;oil;pickled vegetables;bottled beer;shopping bags}"
"6903","{other vegetables;pastry;canned fruit;chocolate;dishes}"
"6904","{bottled beer}"
"6905","{sausage;meat;berries;whole milk;whipped/sour cream;white bread;fruit/vegetable juice;long life bakery product;waffles;abrasive cleaner}"
"6906","{bottled water;soda}"
"6907","{newspapers}"
"6908","{soda}"
"6909","{packaged fruit/vegetables}"
"6910","{dessert;rolls/buns;waffles}"
"6911","{hamburger meat;pip fruit;tea;bottled beer;white wine}"
"6912","{white bread;soda;shopping bags}"
"6913","{sausage;meat;citrus fruit;yogurt;hard cheese;frozen meals;soda;fruit/vegetable juice;napkins;newspapers}"
"6914","{shopping bags}"
"6915","{shopping bags}"
"6916","{beef;root vegetables;herbs;frozen vegetables;fruit/vegetable juice;specialty chocolate}"
"6917","{citrus fruit;pip fruit;other vegetables;rolls/buns}"
"6918","{citrus fruit;butter;frozen vegetables;baking powder}"
"6919","{frozen potato products;seasonal products}"
"6920","{curd;beverages;pastry;pot plants}"
"6921","{frankfurter;beef;other vegetables;chocolate;shopping bags}"
"6922","{whipped/sour cream;UHT-milk;domestic eggs}"
"6923","{whole milk;soda;specialty bar;newspapers}"
"6924","{pastry;canned beer;chocolate;newspapers}"
"6925","{whole milk;curd;soda;bottled beer;cling film/bags}"
"6926","{whole milk;misc. beverages;salty snack;long life bakery product;shopping bags}"
"6927","{citrus fruit;oil;baking powder;candy;dishes}"
"6928","{whole milk;canned fish;bottled beer;abrasive cleaner;cleaner}"
"6929","{oil;candy}"
"6930","{meat;hamburger meat;brown bread}"
"6931","{specialty chocolate}"
"6932","{bottled beer}"
"6933","{ice cream}"
"6934","{other vegetables}"
"6935","{beef;whipped/sour cream;roll products }"
"6936","{canned vegetables;female sanitary products;shopping bags}"
"6937","{beef;citrus fruit;root vegetables;other vegetables;whole milk;yogurt;domestic eggs;pastry;semi-finished bread;salt;sugar;sweet spreads;soda;fruit/vegetable juice;red/blush wine}"
"6938","{citrus fruit;tropical fruit;whole milk;butter milk;rice;oil;canned fruit;bottled water;white wine;popcorn;hygiene articles;shopping bags}"
"6939","{sausage;citrus fruit}"
"6940","{bottled water;bottled beer}"
"6941","{tropical fruit}"
"6942","{other vegetables;whole milk;dessert;butter milk;yogurt;cream cheese ;pickled vegetables}"
"6943","{root vegetables}"
"6944","{dessert;bottled water;fruit/vegetable juice}"
"6945","{chewing gum;specialty bar}"
"6946","{onions;whole milk;curd;soda}"
"6947","{pip fruit;root vegetables;other vegetables;whole milk;margarine;bottled water}"
"6948","{soda}"
"6949","{packaged fruit/vegetables}"
"6950","{tropical fruit;other vegetables;packaged fruit/vegetables;butter;bottled water}"
"6951","{canned beer}"
"6952","{sausage;pip fruit;root vegetables;whole milk;butter;domestic eggs;brown bread;cereals;baking powder;fruit/vegetable juice;long life bakery product;chocolate}"
"6953","{soda;misc. beverages;specialty bar}"
"6954","{whole milk;semi-finished bread;sugar;coffee;seasonal products;hygiene articles;napkins;shopping bags}"
"6955","{frozen dessert;pastry;semi-finished bread;vinegar;coffee}"
"6956","{citrus fruit;tropical fruit;pip fruit;shopping bags}"
"6957","{coffee;seasonal products;shopping bags}"
"6958","{oil;canned beer}"
"6959","{tropical fruit}"
"6960","{soda}"
"6961","{chicken;curd}"
"6962","{other vegetables;packaged fruit/vegetables;dessert;frozen vegetables;domestic eggs;flour;salt;sugar}"
"6963","{dessert;flower soil/fertilizer;flower (seeds)}"
"6964","{sausage;other vegetables;frozen dessert;pastry;fruit/vegetable juice;long life bakery product}"
"6965","{condensed milk;pastry;chocolate}"
"6966","{brown bread;soda}"
"6967","{pip fruit}"
"6968","{bottled water;soda;fruit/vegetable juice;salty snack;newspapers}"
"6969","{shopping bags}"
"6970","{sausage;sparkling wine}"
"6971","{whole milk;frozen vegetables;bottled water}"
"6972","{soda}"
"6973","{whole milk;yogurt;frozen vegetables}"
"6974","{pastry;chocolate;specialty bar}"
"6975","{citrus fruit;tropical fruit;whole milk;curd;yogurt;domestic eggs;bottled water;soda;shopping bags}"
"6976","{ice cream}"
"6977","{whole milk;UHT-milk;frozen potato products;baking powder;pet care;popcorn;candy}"
"6978","{whole milk;dessert;yogurt;white bread}"
"6979","{frankfurter;grapes}"
"6980","{citrus fruit;oil;misc. beverages}"
"6981","{yogurt;bottled water;soda;newspapers}"
"6982","{yogurt;waffles;hygiene articles}"
"6983","{rolls/buns;bottled beer;hygiene articles}"
"6984","{soda;fruit/vegetable juice;bottled beer}"
"6985","{onions;whole milk;processed cheese;pastry;oil}"
"6986","{butter milk;white bread;pet care;newspapers}"
"6987","{frankfurter;dessert;rolls/buns;artif. sweetener;mustard;canned beer;dish cleaner;male cosmetics}"
"6988","{frozen dessert;softener}"
"6989","{citrus fruit;tropical fruit;pip fruit;yogurt;ice cream;soda}"
"6990","{tropical fruit;other vegetables;whole milk;curd;frozen fish;domestic eggs;baking powder;cling film/bags}"
"6991","{hard cheese;pastry;popcorn;pot plants}"
"6992","{whipped/sour cream}"
"6993","{pork;bottled water;white wine}"
"6994","{onions;white bread;hygiene articles}"
"6995","{tropical fruit;pip fruit;whole milk;hard cheese;frozen meals;white bread;zwieback;sparkling wine;softener;hygiene articles;newspapers}"
"6996","{other vegetables}"
"6997","{sausage;other vegetables;brown bread;misc. beverages;fruit/vegetable juice;chocolate;candy}"
"6998","{chocolate}"
"6999","{soda}"
"7000","{yogurt;frozen meals;soda}"
"7001","{pip fruit;canned beer}"
"7002","{bottled water;soda;chocolate;shopping bags}"
"7003","{bottled beer}"
"7004","{frozen vegetables}"
"7005","{detergent}"
"7006","{bottled water;soda;cake bar;chocolate;shopping bags}"
"7007","{other vegetables}"
"7008","{yogurt;margarine;bottled water;chewing gum}"
"7009","{sweet spreads;waffles}"
"7010","{tropical fruit;yogurt;spread cheese;brown bread}"
"7011","{whole milk;brown bread;newspapers}"
"7012","{citrus fruit;soda}"
"7013","{citrus fruit;pip fruit;grapes;other vegetables;brown bread;cat food;bottled water;napkins}"
"7014","{citrus fruit;other vegetables;frozen meals;rice;bottled beer;canned beer}"
"7015","{pork}"
"7016","{yogurt;soda;fruit/vegetable juice}"
"7017","{beef;tropical fruit;root vegetables;whole milk;rolls/buns;bottled water;salty snack}"
"7018","{shopping bags}"
"7019","{whipped/sour cream;napkins}"
"7020","{other vegetables;brown bread}"
"7021","{sugar}"
"7022","{packaged fruit/vegetables;whole milk;soda}"
"7023","{tropical fruit;butter;whipped/sour cream;rolls/buns}"
"7024","{whole milk;ice cream}"
"7025","{canned beer}"
"7026","{tropical fruit;whole milk;yogurt;pastry;soda;misc. beverages}"
"7027","{chewing gum;hygiene articles}"
"7028","{tropical fruit;whole milk;long life bakery product;chocolate}"
"7029","{white wine}"
"7030","{whole milk;coffee}"
"7031","{canned beer}"
"7032","{tropical fruit;pip fruit;other vegetables;curd;beverages;pastry;soda;waffles}"
"7033","{chicken;beef;packaged fruit/vegetables;dessert;whipped/sour cream;soft cheese;frozen meals;rolls/buns;white bread;pasta;shopping bags}"
"7034","{sweet spreads;hygiene articles;house keeping products}"
"7035","{packaged fruit/vegetables;fruit/vegetable juice;salty snack}"
"7036","{other vegetables;whole milk}"
"7037","{citrus fruit;condensed milk;flour}"
"7038","{whipped/sour cream}"
"7039","{hamburger meat;citrus fruit;root vegetables;other vegetables;ice cream;domestic eggs;rolls/buns;white bread;canned beer;long life bakery product;cling film/bags}"
"7040","{bottled water;soda}"
"7041","{frozen meals;frozen fish;frozen dessert;pastry;canned beer;long life bakery product;waffles;napkins;shopping bags}"
"7042","{white bread;flour;fruit/vegetable juice;hygiene articles}"
"7043","{pastry;pickled vegetables;canned beer}"
"7044","{bottled beer}"
"7045","{tropical fruit;yogurt;whipped/sour cream;sliced cheese;coffee;soda;fruit/vegetable juice;hair spray;soap}"
"7046","{sausage;tropical fruit;whole milk;soft cheese;brown bread;fruit/vegetable juice}"
"7047","{soda}"
"7048","{rolls/buns}"
"7049","{UHT-milk;bottled water}"
"7050","{nuts/prunes;canned fish;soda;shopping bags}"
"7051","{canned beer}"
"7052","{tropical fruit;root vegetables;whole milk;condensed milk;rolls/buns;bottled beer;waffles}"
"7053","{oil;pickled vegetables;hygiene articles}"
"7054","{rolls/buns}"
"7055","{citrus fruit;tropical fruit;whole milk;rolls/buns;honey}"
"7056","{berries;yogurt}"
"7057","{beef;citrus fruit;root vegetables;pasta;canned beer;male cosmetics;hygiene articles}"
"7058","{citrus fruit;rolls/buns;chewing gum;shopping bags}"
"7059","{frankfurter;pastry;soda}"
"7060","{whole milk;sliced cheese;rolls/buns;shopping bags}"
"7061","{beef;onions;other vegetables;rolls/buns}"
"7062","{pip fruit;dish cleaner;napkins}"
"7063","{domestic eggs;candy}"
"7064","{root vegetables;butter;curd;pastry;chocolate;kitchen towels}"
"7065","{softener}"
"7066","{whole milk;butter;sugar;coffee}"
"7067","{frankfurter;hygiene articles}"
"7068","{chicken;root vegetables;other vegetables;curd;yogurt;beverages;margarine;candles;flower (seeds)}"
"7069","{sausage;chicken;other vegetables;whole milk;whipped/sour cream;hard cheese;frozen meals;rolls/buns;cereals;coffee;nut snack;cake bar;cleaner;skin care;female sanitary products;house keeping products}"
"7070","{curd;yogurt;bathroom cleaner}"
"7071","{frankfurter;coffee}"
"7072","{pip fruit;curd;margarine;baking powder}"
"7073","{yogurt;light bulbs}"
"7074","{rolls/buns}"
"7075","{chicken;root vegetables;curd;specialty bar;newspapers}"
"7076","{beef}"
"7077","{citrus fruit;whole milk;butter;yogurt;frozen vegetables;rolls/buns;baking powder;instant coffee;napkins;dishes;newspapers}"
"7078","{beef;soft cheese;bottled beer}"
"7079","{rolls/buns;bottled water}"
"7080","{pastry;soda}"
"7081","{canned beer}"
"7082","{whole milk}"
"7083","{pip fruit;whole milk;butter;cream cheese ;bottled water;newspapers}"
"7084","{citrus fruit;tropical fruit;whole milk;pastry;margarine;candles}"
"7085","{other vegetables;whole milk;yogurt;domestic eggs;roll products ;newspapers;shopping bags}"
"7086","{citrus fruit;root vegetables;whole milk;butter milk;yogurt;baking powder;bottled water}"
"7087","{beef;white wine}"
"7088","{meat}"
"7089","{UHT-milk;condensed milk;sugar;coffee;cling film/bags}"
"7090","{frankfurter;sausage;finished products;organic sausage;pastry;waffles}"
"7091","{sausage;sliced cheese;rolls/buns;soda}"
"7092","{bottled beer;liquor;shopping bags}"
"7093","{soda}"
"7094","{tropical fruit;whole milk;curd;yogurt;brown bread;pastry;cereals;seasonal products}"
"7095","{other vegetables;whole milk;rolls/buns;flour}"
"7096","{hamburger meat;rolls/buns;candles}"
"7097","{fish;root vegetables;rolls/buns;roll products ;napkins}"
"7098","{frankfurter;sausage;chicken;citrus fruit;root vegetables;onions;other vegetables;butter;processed cheese;spread cheese;salad dressing;frozen vegetables;frozen fish;rolls/buns;flour;artif. sweetener;soda;candy;cleaner}"
"7099","{yogurt;cream cheese ;spread cheese;rolls/buns;bottled water;soda;fruit/vegetable juice;bottled beer;chocolate;newspapers}"
"7100","{tropical fruit;yogurt;coffee;cling film/bags;newspapers}"
"7101","{meat;root vegetables;pastry}"
"7102","{bottled water;soda;salty snack}"
"7103","{hamburger meat;whole milk;yogurt;salt;canned vegetables;soda;cling film/bags}"
"7104","{meat;root vegetables;hard cheese;brown bread}"
"7105","{frankfurter}"
"7106","{chicken;citrus fruit;butter;margarine;bottled water;soda;fruit/vegetable juice;newspapers}"
"7107","{chicken;other vegetables;whipped/sour cream;pickled vegetables}"
"7108","{salty snack}"
"7109","{whole milk;whipped/sour cream}"
"7110","{rolls/buns}"
"7111","{beef;hamburger meat}"
"7112","{citrus fruit;onions;soups}"
"7113","{chicken;herbs;curd;oil;soda;canned beer;napkins}"
"7114","{citrus fruit;other vegetables;curd;brown bread;hygiene articles}"
"7115","{bottled water;white wine;salty snack}"
"7116","{sausage;other vegetables;whole milk;UHT-milk;frozen vegetables;frozen fish;cling film/bags;house keeping products;shopping bags}"
"7117","{pip fruit;grapes;whole milk;rolls/buns}"
"7118","{frankfurter;beef;whole milk;chocolate marshmallow}"
"7119","{ham;hamburger meat;whole milk;processed cheese;rolls/buns;pastry;Instant food products;fruit/vegetable juice;salty snack;chocolate marshmallow}"
"7120","{butter;sliced cheese;brown bread}"
"7121","{pork;citrus fruit;whole milk;curd;yogurt;bottled beer;dishes}"
"7122","{pork;beverages}"
"7123","{citrus fruit;pip fruit;other vegetables;condensed milk;frozen vegetables;pastry;waffles}"
"7124","{canned beer}"
"7125","{berries;liquor}"
"7126","{condensed milk;bottled water;fruit/vegetable juice;bottled beer;canned beer}"
"7127","{chicken;rolls/buns;margarine;coffee;bottled water;red/blush wine;long life bakery product;candy;newspapers}"
"7128","{rolls/buns}"
"7129","{pork;citrus fruit;tropical fruit;pip fruit}"
"7130","{whole milk;rolls/buns;soap;napkins;newspapers}"
"7131","{root vegetables;frozen vegetables}"
"7132","{chicken;beef;root vegetables;whole milk;curd;yogurt;hard cheese;cream cheese ;domestic eggs;sweet spreads;dog food;napkins}"
"7133","{root vegetables;other vegetables;whole milk;yogurt;hard cheese;frozen vegetables;rolls/buns}"
"7134","{tropical fruit;other vegetables;whole milk;margarine}"
"7135","{root vegetables;other vegetables;yogurt;cream cheese ;rolls/buns}"
"7136","{chewing gum}"
"7137","{root vegetables;whole milk;beverages;salt}"
"7138","{chicken;grapes;whole milk;rolls/buns;white wine;dishes}"
"7139","{canned beer}"
"7140","{whole milk}"
"7141","{citrus fruit;tropical fruit;root vegetables;frozen meals;frozen fish;bottled water}"
"7142","{bottled beer}"
"7143","{whole milk}"
"7144","{onions;other vegetables;yogurt;whipped/sour cream;UHT-milk;sugar}"
"7145","{sausage;tropical fruit;berries;other vegetables;whole milk;curd;mayonnaise;rolls/buns;flour;margarine;sugar;cake bar;chocolate}"
"7146","{other vegetables}"
"7147","{bottled beer}"
"7148","{whole milk}"
"7149","{yogurt;canned fish}"
"7150","{sausage;pastry;soda;salty snack;newspapers;shopping bags}"
"7151","{specialty chocolate}"
"7152","{zwieback;dishes}"
"7153","{frozen vegetables}"
"7154","{frankfurter;rolls/buns}"
"7155","{whole milk;rolls/buns;bottled water}"
"7156","{frankfurter;tropical fruit;root vegetables;butter milk;beverages;brown bread;fruit/vegetable juice}"
"7157","{pork;canned beer;seasonal products}"
"7158","{canned vegetables}"
"7159","{chicken;berries;other vegetables;yogurt;frozen vegetables}"
"7160","{pip fruit;root vegetables;other vegetables;beverages;cookware}"
"7161","{sausage;sliced cheese;rolls/buns;sugar;candy}"
"7162","{whole milk;oil;candles}"
"7163","{pork}"
"7164","{chicken}"
"7165","{coffee;female sanitary products;napkins}"
"7166","{sausage;root vegetables;frozen vegetables;frozen meals;rolls/buns;bottled water}"
"7167","{sausage;rolls/buns;male cosmetics}"
"7168","{bottled beer}"
"7169","{curd cheese}"
"7170","{frankfurter;rolls/buns}"
"7171","{sausage;tropical fruit;rolls/buns;pastry}"
"7172","{soda;salty snack}"
"7173","{rolls/buns;canned fish;canned beer;waffles;newspapers}"
"7174","{tropical fruit}"
"7175","{butter;beverages;sliced cheese;pastry;shopping bags}"
"7176","{frankfurter;white wine;dish cleaner}"
"7177","{finished products}"
"7178","{liver loaf;pip fruit;grapes;other vegetables}"
"7179","{frankfurter;beef;berries;processed cheese;frozen meals;frozen potato products;rolls/buns;ready soups;bottled water;soda;fruit/vegetable juice;red/blush wine;long life bakery product;specialty bar}"
"7180","{butter milk;instant coffee}"
"7181","{whole milk;curd;red/blush wine;newspapers}"
"7182","{whole milk;butter;rolls/buns;pasta;candy}"
"7183","{root vegetables;other vegetables;butter;domestic eggs;bottled water;soda;misc. beverages}"
"7184","{whole milk;yogurt;frozen meals;waffles;napkins;newspapers}"
"7185","{sausage;beef;whole milk;rolls/buns;pastry;fruit/vegetable juice}"
"7186","{waffles}"
"7187","{citrus fruit}"
"7188","{whole milk}"
"7189","{pork;newspapers}"
"7190","{berries;other vegetables;yogurt;spread cheese;rolls/buns}"
"7191","{bottled water;specialty chocolate}"
"7192","{chocolate}"
"7193","{fruit/vegetable juice}"
"7194","{whole milk;artif. sweetener}"
"7195","{chocolate marshmallow}"
"7196","{chicken;whole milk}"
"7197","{hygiene articles}"
"7198","{pork}"
"7199","{root vegetables;UHT-milk;condensed milk;white bread;shopping bags}"
"7200","{chicken;ice cream}"
"7201","{root vegetables;onions;yogurt;whipped/sour cream;UHT-milk;salt;coffee;bottled water;bottled beer}"
"7202","{pip fruit;whole milk;domestic eggs;sweet spreads;soda}"
"7203","{pip fruit;whole milk;rolls/buns;ketchup;spices;chocolate}"
"7204","{bottled beer}"
"7205","{rolls/buns;newspapers}"
"7206","{whole milk;bottled water;bottled beer}"
"7207","{candy}"
"7208","{curd;Instant food products;specialty bar}"
"7209","{sausage;turkey;pip fruit;curd;yogurt;frozen vegetables;white bread;canned vegetables;sweet spreads;soda;fruit/vegetable juice;hygiene articles}"
"7210","{frankfurter;sausage;tropical fruit;other vegetables;whipped/sour cream;hard cheese;rolls/buns;semi-finished bread;chocolate;dish cleaner;shopping bags}"
"7211","{herbs;other vegetables;hygiene articles;napkins}"
"7212","{grapes;berries}"
"7213","{sausage;root vegetables;other vegetables;whole milk;soda;candy}"
"7214","{bottled beer;red/blush wine}"
"7215","{yogurt;spread cheese;pastry;shopping bags}"
"7216","{canned beer;red/blush wine}"
"7217","{nuts/prunes;whole milk;rolls/buns;waffles;chocolate;newspapers}"
"7218","{grapes;berries;soda}"
"7219","{grapes;other vegetables;frozen dessert}"
"7220","{citrus fruit;semi-finished bread}"
"7221","{whole milk;canned beer}"
"7222","{rolls/buns;brown bread}"
"7223","{rolls/buns;snack products}"
"7224","{canned beer}"
"7225","{butter}"
"7226","{beef;tropical fruit;root vegetables;yogurt;brown bread;canned fish;canned beer;red/blush wine;newspapers}"
"7227","{soda}"
"7228","{sausage;whole milk;rolls/buns;coffee;newspapers}"
"7229","{sausage;rolls/buns;soda}"
"7230","{cream cheese ;coffee;bottled water}"
"7231","{long life bakery product;waffles;newspapers}"
"7232","{other vegetables;butter milk;yogurt}"
"7233","{canned beer;newspapers}"
"7234","{bottled water;soda;bottled beer}"
"7235","{sausage;domestic eggs;rolls/buns;canned fish;coffee;canned beer;white wine;male cosmetics;napkins;shopping bags}"
"7236","{pork;root vegetables;other vegetables;beverages;rolls/buns;pastry;sauces;bottled water;soda;red/blush wine;sparkling wine;chocolate;specialty chocolate;candy;napkins;newspapers}"
"7237","{grapes}"
"7238","{bottled beer;prosecco}"
"7239","{instant coffee}"
"7240","{berries;yogurt;cat food;chocolate}"
"7241","{citrus fruit;pickled vegetables;meat spreads;specialty chocolate}"
"7242","{beef;whole milk}"
"7243","{yogurt;bottled beer;white wine;salty snack;napkins}"
"7244","{frozen meals;zwieback;fruit/vegetable juice;salty snack;long life bakery product;specialty chocolate;hygiene articles;napkins}"
"7245","{tropical fruit;pickled vegetables;fruit/vegetable juice}"
"7246","{citrus fruit;butter;sliced cheese;domestic eggs}"
"7247","{salty snack}"
"7248","{soda;chocolate}"
"7249","{beef;root vegetables;yogurt;whipped/sour cream;frozen vegetables;soups}"
"7250","{citrus fruit;tropical fruit;pip fruit;other vegetables;zwieback;shopping bags}"
"7251","{sausage;yogurt}"
"7252","{root vegetables;whole milk}"
"7253","{frankfurter;other vegetables;butter;yogurt;soft cheese;rolls/buns;newspapers}"
"7254","{curd;dessert;soda;bottled beer;cake bar}"
"7255","{curd}"
"7256","{whole milk;mustard}"
"7257","{whole milk;rolls/buns}"
"7258","{onions;other vegetables;whole milk;yogurt;frozen vegetables;bottled water;fruit/vegetable juice;bottled beer;salty snack;popcorn}"
"7259","{whole milk;rolls/buns;vinegar;baking powder;instant coffee;bottled water;napkins;dishes;flower soil/fertilizer}"
"7260","{root vegetables;onions;whole milk;butter;oil;soups;bottled beer}"
"7261","{pip fruit;other vegetables;brown bread;fruit/vegetable juice;specialty chocolate}"
"7262","{beef;pip fruit;other vegetables;whole milk;curd cheese;rolls/buns;pastry;soda}"
"7263","{citrus fruit;butter milk;sliced cheese;bottled water;cleaner}"
"7264","{sausage;hamburger meat;root vegetables;onions;meat spreads;napkins;newspapers}"
"7265","{ice cream;rolls/buns}"
"7266","{ice cream;chocolate}"
"7267","{tropical fruit;whole milk;bottled water;soda}"
"7268","{tropical fruit;rolls/buns;canned fish;specialty chocolate;napkins}"
"7269","{sparkling wine}"
"7270","{sausage;other vegetables;whole milk;whipped/sour cream;domestic eggs;pastry;meat spreads;instant coffee;bottled water;soda}"
"7271","{tropical fruit;soda;rum}"
"7272","{long life bakery product;newspapers}"
"7273","{whole milk;rolls/buns;nut snack}"
"7274","{ham;pork;hard cheese;domestic eggs;rolls/buns;pastry;sugar;salty snack}"
"7275","{frankfurter;meat;citrus fruit;pip fruit;brown bread;pickled vegetables;coffee;specialty chocolate;newspapers}"
"7276","{rolls/buns;Instant food products}"
"7277","{hamburger meat;frozen vegetables}"
"7278","{condensed milk;coffee}"
"7279","{whole milk;pickled vegetables}"
"7280","{bottled beer}"
"7281","{sausage;ham;pip fruit;processed cheese}"
"7282","{white bread;coffee;seasonal products}"
"7283","{other vegetables;bottled beer}"
"7284","{sausage;pip fruit;berries;whole milk;butter;whipped/sour cream}"
"7285","{beef;tropical fruit;root vegetables;other vegetables;whole milk;curd;domestic eggs;cooking chocolate}"
"7286","{berries;UHT-milk;semi-finished bread;cat food;cake bar;shopping bags}"
"7287","{beef;root vegetables;whole milk;yogurt;pudding powder;sweet spreads}"
"7288","{whole milk;butter;butter milk;beverages;domestic eggs;rolls/buns;salt;coffee;chocolate;shopping bags}"
"7289","{frankfurter;curd;yogurt;hard cheese;brown bread;canned beer}"
"7290","{tropical fruit;whole milk;domestic eggs;brown bread;soda;canned beer}"
"7291","{whole milk;house keeping products}"
"7292","{citrus fruit;brown bread;pastry;white wine;chocolate;shopping bags}"
"7293","{dessert;UHT-milk;newspapers;shopping bags}"
"7294","{whole milk;soda;soap}"
"7295","{pastry;specialty chocolate;female sanitary products}"
"7296","{curd cheese;rolls/buns;bottled beer}"
"7297","{other vegetables;whole milk;processed cheese;soda}"
"7298","{male cosmetics}"
"7299","{other vegetables;yogurt;specialty cheese;bottled water}"
"7300","{finished products;rolls/buns}"
"7301","{other vegetables;frozen meals;rolls/buns;bottled water;bottled beer;red/blush wine}"
"7302","{fruit/vegetable juice}"
"7303","{berries;other vegetables;yogurt}"
"7304","{other vegetables;whole milk;butter;yogurt;whipped/sour cream;frozen vegetables;rolls/buns;margarine;napkins}"
"7305","{roll products }"
"7306","{sausage;pork;beef;tropical fruit;grapes;other vegetables;whole milk;frozen dessert;domestic eggs;soda;chocolate}"
"7307","{beef;citrus fruit;butter;domestic eggs;flour;margarine;baking powder;long life bakery product}"
"7308","{tropical fruit;whipped/sour cream;UHT-milk;salt;pasta;oil;salty snack;candy}"
"7309","{sausage;butter;butter milk;ice cream;coffee;salty snack}"
"7310","{specialty chocolate}"
"7311","{bottled water;soda;bottled beer}"
"7312","{sausage;yogurt;margarine;salty snack}"
"7313","{whole milk;specialty chocolate;light bulbs}"
"7314","{beverages;specialty bar}"
"7315","{pastry;waffles;shopping bags}"
"7316","{grapes;root vegetables;onions;whipped/sour cream;rolls/buns;mustard;coffee;bottled water;soda;fruit/vegetable juice;chocolate;shopping bags}"
"7317","{citrus fruit;yogurt}"
"7318","{citrus fruit;tropical fruit;other vegetables;rolls/buns;shopping bags}"
"7319","{meat;other vegetables;yogurt;ice cream;fruit/vegetable juice;salty snack;newspapers}"
"7320","{salty snack;specialty chocolate}"
"7321","{finished products;beef;frozen meals;rolls/buns;soda}"
"7322","{bottled beer;liquor}"
"7323","{citrus fruit;tropical fruit;pastry;seasonal products}"
"7324","{ice cream;soda;misc. beverages;liquor (appetizer)}"
"7325","{tropical fruit;root vegetables;yogurt;cream cheese ;processed cheese;brown bread;ketchup;salty snack;waffles;candy}"
"7326","{margarine}"
"7327","{soda}"
"7328","{sausage;brown bread}"
"7329","{beverages}"
"7330","{whipped/sour cream}"
"7331","{tropical fruit}"
"7332","{herbs;whipped/sour cream;semi-finished bread;chewing gum;newspapers}"
"7333","{whole milk}"
"7334","{yogurt;bottled beer;white wine}"
"7335","{hamburger meat;root vegetables;herbs;other vegetables;bottled water;bottled beer;newspapers}"
"7336","{pip fruit;rolls/buns}"
"7337","{frozen potato products}"
"7338","{whole milk}"
"7339","{whole milk;brown bread;fruit/vegetable juice}"
"7340","{sausage;rolls/buns}"
"7341","{female sanitary products}"
"7342","{beef;whole milk;yogurt;soft cheese}"
"7343","{sausage;whole milk;rolls/buns;soda;salty snack;long life bakery product;waffles;chocolate marshmallow;candy}"
"7344","{sausage;beverages;brown bread;salt;soda;salty snack;popcorn;dental care;make up remover}"
"7345","{tropical fruit;frozen dessert}"
"7346","{frankfurter;coffee}"
"7347","{beef;root vegetables;domestic eggs;vinegar;soda}"
"7348","{curd;ice cream;pasta;cat food}"
"7349","{bottled water;canned beer;candy}"
"7350","{yogurt;newspapers}"
"7351","{root vegetables;other vegetables;pickled vegetables;bottled water;fruit/vegetable juice}"
"7352","{sliced cheese;domestic eggs;coffee;shopping bags}"
"7353","{pip fruit;beverages;frozen meals;long life bakery product;chocolate;napkins}"
"7354","{chicken;whole milk}"
"7355","{ham;whole milk;hard cheese;cat food}"
"7356","{specialty chocolate}"
"7357","{fish;whole milk;white bread;detergent}"
"7358","{detergent;hygiene articles;napkins}"
"7359","{rolls/buns;margarine;canned fish}"
"7360","{sausage;ham;yogurt;sugar;misc. beverages;abrasive cleaner;cleaner;dishes}"
"7361","{coffee;fruit/vegetable juice}"
"7362","{frankfurter;whole milk}"
"7363","{sausage;beverages;brown bread;pastry}"
"7364","{whole milk;butter;yogurt;domestic eggs;rolls/buns}"
"7365","{dessert;beverages}"
"7366","{pip fruit;other vegetables;whole milk;butter milk;dish cleaner}"
"7367","{sausage;other vegetables;yogurt;pickled vegetables;bottled water;liquor;shopping bags}"
"7368","{whole milk;margarine;baking powder;bottled water;bottled beer;waffles;napkins}"
"7369","{salty snack;specialty chocolate}"
"7370","{sausage;rolls/buns;bottled beer}"
"7371","{bottled beer}"
"7372","{sweet spreads}"
"7373","{pip fruit}"
"7374","{pork;bottled water;white wine;shopping bags}"
"7375","{beverages;pastry;bottled water;fruit/vegetable juice;bottled beer}"
"7376","{whole milk}"
"7377","{tropical fruit;pip fruit;root vegetables;butter;curd;chewing gum;chocolate}"
"7378","{frankfurter;cream cheese ;white bread}"
"7379","{sweet spreads}"
"7380","{soups;male cosmetics}"
"7381","{soda;syrup}"
"7382","{root vegetables;yogurt;beverages}"
"7383","{whole milk}"
"7384","{citrus fruit;cat food;coffee;salty snack;napkins}"
"7385","{whole milk;curd;cream cheese ;shopping bags}"
"7386","{soda;specialty bar}"
"7387","{sausage;yogurt;fruit/vegetable juice;shopping bags}"
"7388","{whipped/sour cream}"
"7389","{frankfurter;pork;tropical fruit;dessert;pickled vegetables;salty snack;shopping bags}"
"7390","{other vegetables;brown bread;spices;white wine}"
"7391","{bottled beer}"
"7392","{pip fruit;root vegetables;curd;hard cheese;specialty cheese}"
"7393","{citrus fruit;whole milk;domestic eggs;specialty chocolate;shopping bags}"
"7394","{whipped/sour cream}"
"7395","{whipped/sour cream;newspapers}"
"7396","{other vegetables;butter milk;UHT-milk;sliced cheese;cream cheese ;processed cheese;specialty cheese;canned vegetables}"
"7397","{tropical fruit;whole milk;cream cheese ;brown bread}"
"7398","{tropical fruit;rolls/buns;white bread;salty snack;candy}"
"7399","{specialty bar}"
"7400","{meat;brown bread;seasonal products;shopping bags}"
"7401","{soda;canned beer;liquor (appetizer);salty snack;shopping bags}"
"7402","{yogurt;specialty bar}"
"7403","{frankfurter;onions;packaged fruit/vegetables;cream cheese ;brown bread;canned fish;shopping bags}"
"7404","{ham;pip fruit;domestic eggs;pastry;semi-finished bread;cat food;newspapers}"
"7405","{organic products;softener;hygiene articles}"
"7406","{canned beer}"
"7407","{frozen meals;frozen potato products;coffee}"
"7408","{other vegetables;whole milk;coffee;soda;canned beer}"
"7409","{sausage;coffee;long life bakery product;shopping bags}"
"7410","{sausage;UHT-milk;pickled vegetables;bottled water;canned beer}"
"7411","{frankfurter;pork;curd;shopping bags}"
"7412","{male cosmetics}"
"7413","{frozen meals}"
"7414","{whole milk;pastry;semi-finished bread;sugar;soda;salty snack;specialty bar}"
"7415","{UHT-milk}"
"7416","{misc. beverages}"
"7417","{fruit/vegetable juice}"
"7418","{root vegetables;other vegetables;whole milk;yogurt;long life bakery product;newspapers}"
"7419","{frankfurter;whole milk;frozen vegetables}"
"7420","{grapes;brown bread}"
"7421","{grapes;sugar;cling film/bags}"
"7422","{bottled beer}"
"7423","{rolls/buns;napkins;shopping bags}"
"7424","{rolls/buns;bottled water}"
"7425","{curd;yogurt;newspapers}"
"7426","{sausage;citrus fruit;butter;yogurt;brown bread;margarine;fruit/vegetable juice;hygiene articles;newspapers}"
"7427","{frankfurter;sausage;citrus fruit;frozen vegetables;frozen meals;vinegar;oil;coffee;waffles;cooking chocolate;hygiene articles}"
"7428","{liver loaf;whole milk;rolls/buns;misc. beverages;chocolate}"
"7429","{canned beer}"
"7430","{soft cheese;coffee;candy}"
"7431","{pork;beef;berries;domestic eggs;oil}"
"7432","{tropical fruit}"
"7433","{pip fruit;grapes;frozen meals;rolls/buns;mustard;canned beer;liqueur}"
"7434","{citrus fruit;tropical fruit;rolls/buns;soda;specialty bar}"
"7435","{meat;hamburger meat;other vegetables;whole milk;rolls/buns;candy}"
"7436","{shopping bags}"
"7437","{hamburger meat;whole milk;sliced cheese;pasta;shopping bags}"
"7438","{root vegetables;margarine;candles}"
"7439","{beef;root vegetables;whole milk;condensed milk}"
"7440","{canned beer;salty snack}"
"7441","{whipped/sour cream;UHT-milk;pastry;margarine;cat food;chocolate;dishes;newspapers}"
"7442","{tropical fruit;yogurt;rolls/buns;skin care;shopping bags}"
"7443","{tropical fruit;whole milk;rolls/buns}"
"7444","{pastry}"
"7445","{turkey;pip fruit;root vegetables;yogurt;cream cheese ;flour;sugar;napkins;newspapers}"
"7446","{tropical fruit;butter milk;brown bread;flour}"
"7447","{sugar;specialty bar}"
"7448","{finished products;whole milk;softener}"
"7449","{meat;pip fruit;whole milk;soda;newspapers}"
"7450","{hamburger meat;pip fruit;curd;dessert;cream cheese ;rolls/buns;brown bread}"
"7451","{pork}"
"7452","{whole milk;white bread;mustard;bottled water;soda;newspapers}"
"7453","{pork;herbs;other vegetables;whole milk;curd cheese;fruit/vegetable juice}"
"7454","{UHT-milk;soda}"
"7455","{other vegetables;whole milk;domestic eggs;dishes}"
"7456","{whole milk;butter;fruit/vegetable juice;candy}"
"7457","{chicken;whole milk;rolls/buns}"
"7458","{whole milk;rolls/buns;brown bread;oil;sauces}"
"7459","{pip fruit;pastry}"
"7460","{rolls/buns;newspapers}"
"7461","{root vegetables;frozen vegetables;rolls/buns;fruit/vegetable juice;canned beer}"
"7462","{frankfurter;tropical fruit;pip fruit;other vegetables;frozen vegetables;frozen fish;zwieback;margarine}"
"7463","{whole milk;whipped/sour cream}"
"7464","{frankfurter;tropical fruit;pip fruit;whole milk;curd;pastry;flour;margarine;sugar;organic products}"
"7465","{root vegetables;whole milk;whipped/sour cream;soda}"
"7466","{pip fruit}"
"7467","{sausage;rolls/buns;bottled beer}"
"7468","{UHT-milk;domestic eggs;oil;margarine}"
"7469","{pork;other vegetables;Instant food products;detergent}"
"7470","{citrus fruit;other vegetables;UHT-milk;rolls/buns}"
"7471","{beef;hamburger meat;whole milk;soft cheese;frozen chicken;rolls/buns;margarine;seasonal products}"
"7472","{whole milk;hard cheese;brown bread;coffee;soda}"
"7473","{beef;grapes;other vegetables;whole milk;dessert;yogurt;frozen vegetables;cake bar;dishes;newspapers}"
"7474","{sausage;ham;root vegetables;other vegetables;whole milk;yogurt;rolls/buns;pastry;margarine;bottled water;shopping bags}"
"7475","{bottled beer}"
"7476","{rolls/buns}"
"7477","{root vegetables;margarine;pet care}"
"7478","{citrus fruit;butter;yogurt;cream cheese ;rolls/buns;bottled water;soda;newspapers}"
"7479","{tropical fruit;rolls/buns;newspapers}"
"7480","{frankfurter;sausage;rolls/buns;soda;liquor (appetizer);specialty bar;shopping bags}"
"7481","{sausage;soda}"
"7482","{tropical fruit;onions;whole milk;cream cheese ;specialty cheese;bottled water;soda}"
"7483","{frankfurter;berries;whole milk;rice;coffee;cling film/bags}"
"7484","{sausage;citrus fruit;berries;other vegetables;whole milk;butter;whipped/sour cream;brown bread;soups;coffee;bottled water;bottled beer;waffles}"
"7485","{tropical fruit;hard cheese;frozen vegetables;domestic eggs;semi-finished bread}"
"7486","{whipped/sour cream}"
"7487","{beef;whole milk;rolls/buns;coffee}"
"7488","{ham;beef;citrus fruit;newspapers}"
"7489","{tropical fruit;frozen dessert;rolls/buns;bottled water;flower (seeds)}"
"7490","{sausage;cream cheese ;domestic eggs;rolls/buns;cereals;canned vegetables;cat food;soda;misc. beverages}"
"7491","{frankfurter;domestic eggs;mustard;seasonal products}"
"7492","{sausage;pip fruit;root vegetables;other vegetables;whole milk;yogurt;pastry;soda;napkins;shopping bags}"
"7493","{frankfurter;sausage;pork;beef;hamburger meat;tropical fruit;root vegetables;whole milk;yogurt;spread cheese;rolls/buns;pastry;bottled beer;canned beer;newspapers}"
"7494","{beef;tropical fruit;margarine;bottled water}"
"7495","{frankfurter;sausage;ham;grapes;other vegetables;dessert;whipped/sour cream;bottled water;soda}"
"7496","{bottled water;red/blush wine}"
"7497","{beverages}"
"7498","{canned beer}"
"7499","{pastry;soda}"
"7500","{frankfurter;tropical fruit;other vegetables;spices;flower (seeds)}"
"7501","{other vegetables;soda;shopping bags}"
"7502","{frankfurter;rolls/buns;pastry}"
"7503","{pork;whipped/sour cream;rolls/buns;oil;soda;long life bakery product;chocolate;candy}"
"7504","{canned beer}"
"7505","{grapes;pasta;dishes}"
"7506","{bottled water;misc. beverages;fruit/vegetable juice;bottled beer}"
"7507","{beef;citrus fruit;domestic eggs;salty snack;long life bakery product;napkins}"
"7508","{herbs;whole milk;butter;soups;bottled water;bottled beer}"
"7509","{frankfurter;meat;whole milk;butter;yogurt;cream cheese ;rolls/buns;pastry}"
"7510","{sausage;finished products;pork;berries;root vegetables;packaged fruit/vegetables;whole milk;curd;frozen vegetables;brown bread;sugar;soda;fruit/vegetable juice;chocolate;specialty chocolate;specialty bar;hygiene articles;napkins}"
"7511","{sausage;rolls/buns}"
"7512","{newspapers}"
"7513","{ham;hard cheese;pastry;fruit/vegetable juice}"
"7514","{finished products;other vegetables;long life bakery product}"
"7515","{citrus fruit;berries;pastry;male cosmetics;hygiene articles}"
"7516","{berries;other vegetables;yogurt;frozen fish;oil;margarine;salty snack}"
"7517","{other vegetables}"
"7518","{soda}"
"7519","{sausage;whole milk;yogurt;UHT-milk;rolls/buns}"
"7520","{liver loaf;beef;whole milk;yogurt;soft cheese;frozen vegetables;white bread;roll products ;vinegar;baking powder;fruit/vegetable juice}"
"7521","{soda}"
"7522","{beverages}"
"7523","{hamburger meat;cream cheese ;sweet spreads;coffee;canned beer;cling film/bags;shopping bags}"
"7524","{chicken;tropical fruit;root vegetables;other vegetables;beverages;coffee;bottled beer;liquor}"
"7525","{tropical fruit;butter;bottled water;male cosmetics;newspapers}"
"7526","{nuts/prunes;root vegetables;yogurt;condensed milk;ice cream;semi-finished bread;bottled beer;brandy;salty snack}"
"7527","{pork;root vegetables;whole milk;sliced cheese;frozen fish;domestic eggs;cake bar;chocolate marshmallow;candy}"
"7528","{grapes;hard cheese;margarine;specialty fat;newspapers}"
"7529","{sausage;finished products;semi-finished bread;soda}"
"7530","{soda}"
"7531","{beef;soda;newspapers}"
"7532","{whole milk;butter;curd;rubbing alcohol}"
"7533","{oil}"
"7534","{other vegetables;whole milk;beverages;flour;flower (seeds)}"
"7535","{pip fruit;butter;yogurt}"
"7536","{frankfurter;beef;root vegetables;butter milk;chocolate}"
"7537","{whole milk}"
"7538","{rolls/buns;shopping bags}"
"7539","{hamburger meat;root vegetables;whole milk;frozen vegetables;rolls/buns;Instant food products}"
"7540","{chicken;spread cheese;frozen meals;domestic eggs}"
"7541","{sausage;other vegetables;whipped/sour cream;ice cream;domestic eggs;rolls/buns;coffee;bottled water;newspapers}"
"7542","{hamburger meat;berries;other vegetables;whole milk;beverages;soft cheese;hard cheese;pastry;sauces;waffles}"
"7543","{sausage;pork;citrus fruit;root vegetables;other vegetables;curd;soft cheese;hard cheese;cream cheese ;frozen dessert;roll products ;rice;oil;coffee;fruit/vegetable juice;chocolate;abrasive cleaner}"
"7544","{margarine}"
"7545","{grapes;other vegetables;whole milk;butter;coffee;bottled water}"
"7546","{canned beer}"
"7547","{bottled beer}"
"7548","{hamburger meat;pip fruit;other vegetables;whole milk;curd;roll products }"
"7549","{shopping bags}"
"7550","{citrus fruit;tropical fruit;grapes;root vegetables;herbs;other vegetables;whole milk;frozen vegetables;rice;dog food;bottled water;misc. beverages;fruit/vegetable juice;napkins}"
"7551","{root vegetables;domestic eggs;white bread}"
"7552","{berries;whole milk;yogurt;sugar;cling film/bags;house keeping products}"
"7553","{whole milk;butter;curd;whipped/sour cream;newspapers}"
"7554","{frankfurter;pork;beef;tropical fruit;other vegetables;whole milk;yogurt;rolls/buns;semi-finished bread;pickled vegetables;soda;newspapers}"
"7555","{other vegetables;whole milk;pastry;margarine;bottled water}"
"7556","{cream cheese ;rolls/buns;brown bread}"
"7557","{citrus fruit;yogurt;rolls/buns;pastry}"
"7558","{tropical fruit;other vegetables;whole milk;pastry;rice;flower (seeds)}"
"7559","{other vegetables;rolls/buns}"
"7560","{brown bread;sugar;canned fish;coffee;soda}"
"7561","{specialty bar}"
"7562","{processed cheese;rolls/buns;specialty chocolate}"
"7563","{chicken;pork;frozen vegetables;margarine}"
"7564","{sausage;sliced cheese;rolls/buns;fruit/vegetable juice}"
"7565","{sausage;rolls/buns;canned beer}"
"7566","{chicken;other vegetables;chewing gum;shopping bags}"
"7567","{cream cheese ;processed cheese;specialty bar}"
"7568","{other vegetables;whole milk;chocolate}"
"7569","{pastry;canned beer}"
"7570","{soda}"
"7571","{citrus fruit;other vegetables;whole milk;soda}"
"7572","{whole milk;cream cheese ;chewing gum}"
"7573","{curd;fruit/vegetable juice;specialty chocolate}"
"7574","{other vegetables}"
"7575","{sausage;chicken;berries;root vegetables;other vegetables;butter milk;rolls/buns;salt;mustard;canned fish;coffee;bottled water;fruit/vegetable juice;cling film/bags;newspapers}"
"7576","{beef;whole milk;sliced cheese}"
"7577","{yogurt;rolls/buns}"
"7578","{finished products;butter;curd;soda}"
"7579","{grapes;fruit/vegetable juice;red/blush wine;long life bakery product;waffles;specialty chocolate;shopping bags}"
"7580","{frozen vegetables;flour;bottled beer;liquor (appetizer);salty snack;dishes}"
"7581","{sausage;tropical fruit;pip fruit;spices;pet care;canned beer}"
"7582","{pork;citrus fruit;other vegetables;whole milk;whipped/sour cream;specialty cheese;domestic eggs;canned vegetables;fruit/vegetable juice;canned beer;specialty bar}"
"7583","{UHT-milk}"
"7584","{mayonnaise}"
"7585","{tropical fruit;whole milk;pickled vegetables;soda}"
"7586","{turkey;seasonal products}"
"7587","{sausage;hard cheese;pastry}"
"7588","{rolls/buns;brown bread;specialty bar}"
"7589","{soda;bottled beer;liquor;red/blush wine}"
"7590","{roll products }"
"7591","{soda}"
"7592","{sausage;pip fruit;root vegetables;whole milk;rolls/buns;pastry;coffee}"
"7593","{other vegetables;whole milk;brown bread;margarine}"
"7594","{sausage;rolls/buns;red/blush wine;shopping bags}"
"7595","{other vegetables;whole milk;curd;whipped/sour cream;domestic eggs;brown bread;flour;coffee}"
"7596","{yogurt;domestic eggs;rolls/buns}"
"7597","{meat;root vegetables;whole milk;curd;pastry;brandy}"
"7598","{frankfurter;pork;other vegetables;brown bread;pickled vegetables;coffee;newspapers}"
"7599","{other vegetables;whole milk;frozen meals;pastry;fruit/vegetable juice;long life bakery product;shopping bags}"
"7600","{berries;yogurt;shopping bags}"
"7601","{rolls/buns}"
"7602","{beverages}"
"7603","{flour}"
"7604","{frankfurter;ham;whole milk;cream cheese ;processed cheese;white bread;shopping bags}"
"7605","{UHT-milk;rolls/buns}"
"7606","{citrus fruit;tropical fruit;onions;other vegetables;pastry;bottled water;bathroom cleaner;newspapers}"
"7607","{other vegetables;butter;bottled water;detergent}"
"7608","{whole milk;frozen meals;mustard;canned fish;bottled beer}"
"7609","{bottled beer}"
"7610","{onions;brown bread}"
"7611","{whole milk;curd;yogurt;artif. sweetener;rum;hygiene articles;napkins;photo/film}"
"7612","{cookware}"
"7613","{beef;citrus fruit;other vegetables}"
"7614","{chicken;grapes}"
"7615","{sausage;berries;whipped/sour cream;shopping bags}"
"7616","{baking powder;coffee;canned beer}"
"7617","{rolls/buns}"
"7618","{long life bakery product}"
"7619","{cookware}"
"7620","{pip fruit;grapes;yogurt;hard cheese;napkins}"
"7621","{citrus fruit;frozen meals;canned beer;red/blush wine}"
"7622","{hamburger meat;pickled vegetables;hygiene articles}"
"7623","{chicken;root vegetables}"
"7624","{beef;instant coffee}"
"7625","{soda}"
"7626","{ham;berries;onions;whole milk;butter milk;yogurt;whipped/sour cream;cream cheese ;mayonnaise;pastry;semi-finished bread;chocolate;specialty chocolate;hygiene articles;cling film/bags}"
"7627","{citrus fruit;root vegetables;rolls/buns}"
"7628","{hygiene articles}"
"7629","{citrus fruit;tropical fruit;dessert;fruit/vegetable juice}"
"7630","{bottled beer;light bulbs}"
"7631","{photo/film}"
"7632","{soda}"
"7633","{sausage;rolls/buns;soda;chocolate}"
"7634","{whole milk}"
"7635","{citrus fruit;yogurt;soda}"
"7636","{cat food;soda;candy}"
"7637","{rolls/buns;pastry;candy}"
"7638","{cake bar;specialty chocolate}"
"7639","{yogurt;long life bakery product}"
"7640","{frankfurter;pork;tropical fruit;pip fruit;other vegetables;whole milk;dessert;whipped/sour cream;cream cheese ;frozen meals;cat food;salty snack;cake bar;chewing gum;specialty bar;seasonal products}"
"7641","{sausage;ham;citrus fruit;root vegetables;other vegetables;whole milk;soft cheese;processed cheese;frozen vegetables;salt;oil;margarine;soda;fruit/vegetable juice;bottled beer;chocolate}"
"7642","{frozen meals;specialty bar}"
"7643","{whole milk}"
"7644","{sausage;tropical fruit;berries;yogurt;shopping bags}"
"7645","{pork;packaged fruit/vegetables;ice cream;oil;detergent}"
"7646","{root vegetables;other vegetables;canned fish;shopping bags}"
"7647","{waffles}"
"7648","{berries;root vegetables;whole milk;butter;rolls/buns;salty snack}"
"7649","{hamburger meat;frozen meals;red/blush wine}"
"7650","{waffles}"
"7651","{chicken;frozen vegetables;soda;canned beer;hygiene articles}"
"7652","{chicken;tropical fruit;root vegetables;whole milk;white bread;specialty bar;shopping bags}"
"7653","{frankfurter;whole milk;dessert;white bread;shopping bags}"
"7654","{cooking chocolate}"
"7655","{pork;canned beer}"
"7656","{root vegetables;whole milk;rolls/buns;zwieback;newspapers}"
"7657","{cream cheese ;brown bread}"
"7658","{chocolate}"
"7659","{brown bread;hair spray}"
"7660","{chicken;other vegetables;whole milk;curd;long life bakery product}"
"7661","{turkey;roll products ;dishes}"
"7662","{other vegetables;whole milk;cake bar;detergent}"
"7663","{grapes}"
"7664","{frozen potato products;ketchup;chocolate;hygiene articles;shopping bags}"
"7665","{dog food;pet care;shopping bags}"
"7666","{hamburger meat;whole milk;butter;UHT-milk;cat food;pet care;detergent}"
"7667","{tropical fruit;bottled beer}"
"7668","{citrus fruit}"
"7669","{sausage;whole milk;curd;cat food}"
"7670","{pip fruit;yogurt;brown bread}"
"7671","{tropical fruit;curd;yogurt;whipped/sour cream}"
"7672","{frankfurter;frozen potato products;rolls/buns;specialty fat}"
"7673","{sausage}"
"7674","{baking powder}"
"7675","{bottled water}"
"7676","{root vegetables}"
"7677","{bottled beer}"
"7678","{zwieback}"
"7679","{root vegetables;sliced cheese}"
"7680","{sausage;rolls/buns;fruit/vegetable juice;cake bar}"
"7681","{condensed milk;coffee;shopping bags}"
"7682","{citrus fruit;other vegetables;beverages;snack products}"
"7683","{other vegetables;hard cheese;frozen vegetables;fruit/vegetable juice;long life bakery product}"
"7684","{pet care}"
"7685","{yogurt;canned beer}"
"7686","{pip fruit;condensed milk;bottled beer;red/blush wine;chocolate;shopping bags}"
"7687","{whole milk;brown bread;soda;bottled beer;salty snack;long life bakery product;chocolate;shopping bags}"
"7688","{other vegetables;ice cream}"
"7689","{meat;ice cream;rolls/buns;soda;long life bakery product;napkins}"
"7690","{whole milk}"
"7691","{rolls/buns;dishes}"
"7692","{ham;root vegetables;butter;UHT-milk;rolls/buns;pasta;sugar;coffee;soda}"
"7693","{honey;flower (seeds)}"
"7694","{chicken;citrus fruit;cat food;white wine;shopping bags}"
"7695","{white wine}"
"7696","{semi-finished bread;bottled beer;red/blush wine}"
"7697","{frankfurter;pork;whole milk;yogurt;UHT-milk;brown bread}"
"7698","{other vegetables;curd;whipped/sour cream;pastry;baking powder;canned fruit}"
"7699","{whole milk;pasta;long life bakery product;chocolate}"
"7700","{sausage}"
"7701","{tropical fruit;root vegetables;whole milk;hard cheese;curd cheese;sugar;canned fish}"
"7702","{other vegetables;whole milk;soda}"
"7703","{soda;bottled beer}"
"7704","{specialty bar}"
"7705","{pork;berries;whole milk;butter;yogurt;whipped/sour cream;hard cheese}"
"7706","{butter;sliced cheese;frozen dessert;rolls/buns;pastry;soda;bottled beer}"
"7707","{yogurt;napkins}"
"7708","{tropical fruit;pip fruit;grapes}"
"7709","{bottled beer}"
"7710","{sausage;pip fruit;berries;whole milk;curd;dessert;butter milk;yogurt;whipped/sour cream;soft cheese;sliced cheese;curd cheese;domestic eggs;rolls/buns;sugar;long life bakery product}"
"7711","{grapes;hard cheese}"
"7712","{pork;beef;whole milk;frozen vegetables;sugar;canned beer;detergent;skin care;napkins;flower (seeds)}"
"7713","{citrus fruit}"
"7714","{yogurt;liquor (appetizer);nut snack;long life bakery product;hygiene articles;shopping bags}"
"7715","{brandy;liquor;liquor (appetizer);long life bakery product;dish cleaner;napkins;dishes;shopping bags}"
"7716","{turkey;frozen potato products;soda}"
"7717","{whole milk;cake bar}"
"7718","{finished products;grapes;other vegetables;curd;beverages;rolls/buns;pastry;waffles;specialty bar}"
"7719","{onions;other vegetables;soft cheese;hard cheese;salad dressing;specialty chocolate}"
"7720","{yogurt;specialty chocolate}"
"7721","{curd;seasonal products;female sanitary products}"
"7722","{beef;root vegetables;onions;herbs;whole milk;curd cheese;rolls/buns;oil;jam;bottled water;waffles}"
"7723","{misc. beverages}"
"7724","{sausage;whole milk;curd;bottled beer}"
"7725","{citrus fruit;whipped/sour cream;brown bread;bottled water;hygiene articles}"
"7726","{chicken;pork;herbs;other vegetables;canned fish;misc. beverages;napkins;newspapers}"
"7727","{other vegetables;butter milk;bottled water;bottled beer}"
"7728","{ice cream}"
"7729","{sausage;chicken;grapes;whole milk;cream cheese ;ice cream;domestic eggs;pickled vegetables;soda;chocolate;shopping bags}"
"7730","{tropical fruit;whole milk;salty snack;kitchen towels}"
"7731","{pip fruit;butter;soft cheese;white bread;misc. beverages}"
"7732","{grapes;brown bread}"
"7733","{berries;whole milk}"
"7734","{bottled water}"
"7735","{pork;tropical fruit;nuts/prunes;rolls/buns;newspapers}"
"7736","{pork;tropical fruit;processed cheese;specialty vegetables;bottled water;soda;bottled beer}"
"7737","{sausage;rolls/buns}"
"7738","{rolls/buns}"
"7739","{whole milk;ice cream;soda}"
"7740","{beef;citrus fruit;grapes;berries;butter milk;yogurt;sliced cheese;rolls/buns}"
"7741","{beef;soft cheese;chewing gum}"
"7742","{ham;tropical fruit;root vegetables;other vegetables;whole milk;butter;yogurt;frozen vegetables;frozen dessert;frozen potato products;white bread;pasta;honey;chewing gum;detergent;hygiene articles}"
"7743","{other vegetables;butter}"
"7744","{hamburger meat;hard cheese;sauces;coffee;toilet cleaner;shopping bags}"
"7745","{berries;whole milk;whipped/sour cream;pastry;soda;chewing gum;chocolate;candy}"
"7746","{sausage;processed cheese;white bread}"
"7747","{citrus fruit;other vegetables;UHT-milk;domestic eggs;white bread;pickled vegetables}"
"7748","{whole milk;curd;yogurt;whipped/sour cream;margarine}"
"7749","{citrus fruit}"
"7750","{bottled water;long life bakery product}"
"7751","{sausage;mayonnaise;rolls/buns;shopping bags}"
"7752","{meat;other vegetables;whole milk;pastry;soda;newspapers}"
"7753","{tropical fruit;coffee;candy;soap;shopping bags}"
"7754","{pip fruit;whole milk;brown bread;fruit/vegetable juice;bottled beer;red/blush wine;shopping bags}"
"7755","{other vegetables;canned beer;shopping bags}"
"7756","{berries;frozen vegetables;frozen meals}"
"7757","{other vegetables;butter;beverages;soda;photo/film;shopping bags}"
"7758","{frankfurter;root vegetables;butter milk;canned fish;bottled beer}"
"7759","{sausage;whole milk;domestic eggs;sugar;coffee;napkins;newspapers;shopping bags}"
"7760","{meat;hamburger meat;onions;other vegetables;condensed milk;brown bread}"
"7761","{yogurt;oil;pickled vegetables;fruit/vegetable juice;salty snack;hygiene articles}"
"7762","{canned beer;cookware}"
"7763","{whole milk;yogurt;cream cheese ;frozen meals;shopping bags}"
"7764","{sausage;other vegetables}"
"7765","{frankfurter;other vegetables}"
"7766","{frankfurter;citrus fruit;other vegetables;whole milk;yogurt;zwieback;vinegar;cleaner}"
"7767","{sausage;citrus fruit;tropical fruit;root vegetables;butter milk;brown bread;mustard;popcorn;shopping bags}"
"7768","{citrus fruit;root vegetables;other vegetables;dessert;pastry;chocolate;dishes;candles}"
"7769","{frozen meals;soda;napkins}"
"7770","{sausage;citrus fruit;whole milk;sliced cheese;frozen meals;white bread;chewing gum;photo/film}"
"7771","{whole milk;brown bread;flower (seeds)}"
"7772","{ham;whole milk;sliced cheese;spread cheese;brown bread;pickled vegetables;bottled beer;shopping bags}"
"7773","{cling film/bags}"
"7774","{chicken}"
"7775","{red/blush wine}"
"7776","{chicken;grapes;whole milk;yogurt;sliced cheese;bottled water;fruit/vegetable juice}"
"7777","{hamburger meat;root vegetables;other vegetables;dessert;rolls/buns}"
"7778","{bottled water;soda}"
"7779","{curd;whipped/sour cream}"
"7780","{frankfurter;rolls/buns;ketchup;soda}"
"7781","{turkey;whole milk;liquor (appetizer);shopping bags}"
"7782","{tropical fruit;whole milk;rolls/buns;prosecco;salty snack;specialty bar}"
"7783","{other vegetables;yogurt;whipped/sour cream;brown bread;margarine;shopping bags}"
"7784","{pip fruit;bottled water;candy}"
"7785","{meat;rolls/buns;soda;bottled beer}"
"7786","{sausage;beef;root vegetables;other vegetables;white bread;pastry;soda;shopping bags}"
"7787","{mayonnaise;white wine;shopping bags}"
"7788","{soda;specialty chocolate;male cosmetics;shopping bags}"
"7789","{pork}"
"7790","{rolls/buns}"
"7791","{soda}"
"7792","{whole milk;rolls/buns}"
"7793","{berries}"
"7794","{ham}"
"7795","{rolls/buns;liquor}"
"7796","{rolls/buns;canned beer}"
"7797","{onions;whole milk;yogurt;rolls/buns;brown bread;fruit/vegetable juice}"
"7798","{whole milk;yogurt;domestic eggs;baking powder;newspapers}"
"7799","{yogurt;condensed milk;sliced cheese;rolls/buns;margarine;bottled water;soda;cling film/bags}"
"7800","{rolls/buns}"
"7801","{whole milk}"
"7802","{rolls/buns}"
"7803","{rolls/buns;bottled beer}"
"7804","{pip fruit;berries;other vegetables;butter;yogurt;soda;chocolate;house keeping products}"
"7805","{frankfurter;whipped/sour cream;sugar;fruit/vegetable juice;napkins;newspapers}"
"7806","{turkey;grapes;other vegetables;hard cheese;frozen vegetables;rolls/buns;misc. beverages;newspapers}"
"7807","{onions;other vegetables;roll products ;bottled beer;liquor (appetizer);newspapers}"
"7808","{beef;pip fruit;other vegetables;whole milk;frozen vegetables;rolls/buns}"
"7809","{sausage;citrus fruit;berries;whipped/sour cream;rolls/buns;canned beer;specialty bar;napkins}"
"7810","{other vegetables;soft cheese;soda;bottled beer}"
"7811","{chicken;tropical fruit;berries;whole milk;whipped/sour cream;beverages;sugar;dishes}"
"7812","{sausage;pork;beef;pip fruit;grapes;other vegetables;whole milk;butter;curd;yogurt;pastry;bottled water;hygiene articles;napkins}"
"7813","{tropical fruit;pip fruit;whole milk;rolls/buns;coffee;hygiene articles}"
"7814","{tropical fruit;root vegetables;butter;pasta;soda;napkins}"
"7815","{pip fruit;UHT-milk;curd cheese;coffee}"
"7816","{yogurt;soda}"
"7817","{tropical fruit;root vegetables;whole milk;butter;curd;yogurt;pudding powder;coffee}"
"7818","{soda;canned beer}"
"7819","{rolls/buns;soda}"
"7820","{condensed milk}"
"7821","{domestic eggs;pastry;margarine;cooking chocolate}"
"7822","{candles}"
"7823","{butter milk;brown bread;pastry}"
"7824","{whole milk;curd;semi-finished bread}"
"7825","{beef;herbs;whole milk;pickled vegetables;cat food}"
"7826","{meat;beef;berries;other vegetables;curd;yogurt;whipped/sour cream;UHT-milk;brown bread}"
"7827","{citrus fruit;whole milk;domestic eggs}"
"7828","{beef;hamburger meat;tropical fruit;pip fruit;root vegetables;herbs;other vegetables;whole milk;butter;whipped/sour cream;hard cheese;rolls/buns;brown bread;oil;waffles;cake bar}"
"7829","{UHT-milk;sugar;soda}"
"7830","{berries;whole milk;flour;baking powder;dog food;chocolate}"
"7831","{rolls/buns}"
"7832","{whole milk;butter milk;yogurt;beverages;bottled water;soda;newspapers}"
"7833","{pork;whole milk}"
"7834","{candles}"
"7835","{pork;other vegetables;whipped/sour cream;rolls/buns;brown bread;pastry;sugar;dishes}"
"7836","{salt;detergent}"
"7837","{citrus fruit;tropical fruit;whole milk;frozen meals;rolls/buns;brown bread}"
"7838","{other vegetables;whole milk;frozen vegetables}"
"7839","{pastry}"
"7840","{waffles}"
"7841","{curd;rolls/buns;pastry}"
"7842","{whole milk;rolls/buns;oil;detergent;shopping bags}"
"7843","{sausage;root vegetables;other vegetables;frozen vegetables;rolls/buns;white bread;baking powder;bottled beer;detergent}"
"7844","{soda;fruit/vegetable juice;long life bakery product}"
"7845","{ice cream;brown bread;pastry;napkins}"
"7846","{tropical fruit;whole milk;butter milk;brown bread;bottled water}"
"7847","{ham;pip fruit;root vegetables;other vegetables;whole milk;whipped/sour cream;hard cheese;domestic eggs;margarine}"
"7848","{meat;tropical fruit;rolls/buns;instant coffee;soda;chocolate;newspapers}"
"7849","{berries;yogurt;domestic eggs;rolls/buns}"
"7850","{other vegetables;whole milk;rolls/buns;long life bakery product;flower (seeds)}"
"7851","{beef;white bread}"
"7852","{bottled beer}"
"7853","{butter;pastry;cat food;canned beer;hygiene articles;shopping bags}"
"7854","{whole milk;rolls/buns;white bread;soap}"
"7855","{citrus fruit;whole milk;snack products}"
"7856","{frankfurter;tropical fruit;whole milk}"
"7857","{sausage;chicken;tropical fruit;onions;other vegetables;dessert;whipped/sour cream;UHT-milk;cream cheese ;pastry;bottled water;soda;waffles;chewing gum;shopping bags}"
"7858","{hygiene articles}"
"7859","{frankfurter;sausage;beef;citrus fruit;pip fruit;berries;other vegetables;whole milk;hard cheese;frozen vegetables;pastry;oil;baking powder;dog food;fruit/vegetable juice;bottled beer;specialty chocolate;seasonal products;detergent;soap}"
"7860","{shopping bags}"
"7861","{beef;margarine}"
"7862","{canned beer}"
"7863","{frankfurter;pork;dessert;UHT-milk;margarine;specialty fat;napkins}"
"7864","{frankfurter;beef;berries;other vegetables;whole milk}"
"7865","{whole milk;specialty bar}"
"7866","{beef;other vegetables;rolls/buns;pastry;soap}"
"7867","{canned beer}"
"7868","{canned beer}"
"7869","{whole milk;pastry;cocoa drinks;newspapers}"
"7870","{whole milk;instant coffee;bottled beer}"
"7871","{ham;whipped/sour cream;frozen vegetables;rolls/buns;seasonal products}"
"7872","{brandy}"
"7873","{frankfurter;grapes;yogurt;coffee;bottled water}"
"7874","{root vegetables;other vegetables;whole milk;butter milk;frozen meals}"
"7875","{hygiene articles}"
"7876","{hamburger meat;packaged fruit/vegetables;whole milk;whipped/sour cream;rolls/buns;bottled water;salty snack;chewing gum}"
"7877","{sausage;red/blush wine;newspapers}"
"7878","{meat;whole milk;curd;sliced cheese;flour;sugar;pudding powder;bottled water;soda;canned beer}"
"7879","{tropical fruit;whole milk;beverages;processed cheese;pastry;waffles;specialty bar}"
"7880","{root vegetables;onions;other vegetables;whole milk;frozen dessert;coffee;bottled beer}"
"7881","{pip fruit;coffee}"
"7882","{yogurt}"
"7883","{root vegetables;whole milk;curd;yogurt}"
"7884","{canned beer}"
"7885","{pork;other vegetables;whole milk;cereals}"
"7886","{root vegetables;yogurt;brown bread;shopping bags}"
"7887","{sausage;packaged fruit/vegetables;UHT-milk;pastry;soups;bottled water}"
"7888","{chocolate}"
"7889","{citrus fruit;whole milk;soft cheese;sliced cheese;cream cheese ;canned fish}"
"7890","{chicken;pastry}"
"7891","{whole milk;bottled water;bottled beer}"
"7892","{packaged fruit/vegetables}"
"7893","{whole milk;dessert}"
"7894","{beef;sugar;canned beer}"
"7895","{ham;tropical fruit}"
"7896","{newspapers}"
"7897","{frankfurter;processed cheese;domestic eggs;white bread;brown bread;ketchup;soda;hygiene articles}"
"7898","{whole milk;semi-finished bread;coffee;canned beer}"
"7899","{sausage;pip fruit;whole milk;curd;yogurt}"
"7900","{domestic eggs;rolls/buns;coffee;canned beer;brandy;chocolate;shopping bags}"
"7901","{dishes}"
"7902","{pork;beef;onions;yogurt;UHT-milk;frozen fish;rolls/buns;margarine;sugar;salty snack;newspapers}"
"7903","{tropical fruit;whole milk;cream cheese ;oil;cake bar}"
"7904","{yogurt;syrup;chewing gum;newspapers}"
"7905","{hamburger meat;root vegetables;whole milk;whipped/sour cream;flour;chocolate marshmallow;newspapers}"
"7906","{canned beer}"
"7907","{pet care;soda;chocolate;candy}"
"7908","{beef;berries;yogurt;whipped/sour cream}"
"7909","{chicken;root vegetables;yogurt;cream cheese ;napkins}"
"7910","{yogurt;frozen vegetables;shopping bags}"
"7911","{sugar}"
"7912","{newspapers}"
"7913","{hard cheese;frozen meals}"
"7914","{beef;root vegetables;bottled water}"
"7915","{beverages;domestic eggs;misc. beverages}"
"7916","{beef;whole milk;rolls/buns;pastry;cat food;waffles;chocolate;hygiene articles;newspapers;shopping bags}"
"7917","{rolls/buns}"
"7918","{whole milk;yogurt;baking powder;detergent;flower (seeds);shopping bags}"
"7919","{chicken}"
"7920","{sausage;hamburger meat;root vegetables;whole milk;domestic eggs;white bread;semi-finished bread;honey}"
"7921","{citrus fruit;grapes}"
"7922","{red/blush wine;sparkling wine}"
"7923","{whole milk}"
"7924","{pip fruit;other vegetables;canned beer}"
"7925","{turkey;tropical fruit;root vegetables;whole milk;newspapers}"
"7926","{frankfurter;margarine;bottled water;red/blush wine;long life bakery product}"
"7927","{canned beer}"
"7928","{pastry;soda;chocolate}"
"7929","{bottled water;brandy;whisky}"
"7930","{whole milk;hard cheese;brown bread;bottled beer;hygiene articles;newspapers;shopping bags}"
"7931","{citrus fruit;yogurt;newspapers}"
"7932","{whole milk;dessert;yogurt;canned fish;soda;fruit/vegetable juice;shopping bags}"
"7933","{bottled beer;brandy;whisky;chocolate;specialty chocolate;shopping bags}"
"7934","{liquor;salty snack;chocolate;specialty chocolate;specialty bar;seasonal products;shopping bags}"
"7935","{curd;coffee;soda;bottled beer;chocolate;candy;shopping bags}"
"7936","{other vegetables;whole milk;domestic eggs;margarine;fruit/vegetable juice}"
"7937","{nuts/prunes;soda;chocolate}"
"7938","{other vegetables;ice cream;oil;liqueur;specialty chocolate;shopping bags}"
"7939","{UHT-milk;bottled water;fruit/vegetable juice;canned beer}"
"7940","{pork;frozen fish;domestic eggs;sugar;misc. beverages;dental care;hygiene articles;shopping bags}"
"7941","{sausage;soft cheese;rolls/buns;canned beer}"
"7942","{beverages}"
"7943","{pastry;soda;specialty bar}"
"7944","{root vegetables;whole milk;yogurt;domestic eggs;rolls/buns;long life bakery product;napkins}"
"7945","{root vegetables;spices;kitchen towels}"
"7946","{beef;root vegetables;other vegetables;white bread;canned fruit;soda;chocolate;newspapers}"
"7947","{bathroom cleaner}"
"7948","{yogurt;UHT-milk;cream cheese ;rolls/buns;brown bread;pastry;pickled vegetables;canned fish;cling film/bags}"
"7949","{frankfurter;whole milk;yogurt;frozen fish;domestic eggs}"
"7950","{curd cheese;frozen meals}"
"7951","{whole milk;cream cheese ;domestic eggs;margarine;canned beer;long life bakery product;shopping bags}"
"7952","{grapes;dessert;yogurt;beverages;frozen vegetables;canned beer}"
"7953","{bottled water;bottled beer}"
"7954","{butter milk;sliced cheese}"
"7955","{sliced cheese;rolls/buns;specialty chocolate}"
"7956","{fruit/vegetable juice;chocolate}"
"7957","{female sanitary products}"
"7958","{rolls/buns;canned beer}"
"7959","{canned beer}"
"7960","{pip fruit;butter milk;cream cheese ;rolls/buns}"
"7961","{pip fruit;butter;rolls/buns;chocolate}"
"7962","{rolls/buns;brown bread}"
"7963","{beef}"
"7964","{frozen fish;bottled beer}"
"7965","{soda;specialty chocolate}"
"7966","{canned beer}"
"7967","{tropical fruit}"
"7968","{packaged fruit/vegetables;canned fish}"
"7969","{rolls/buns}"
"7970","{canned beer}"
"7971","{butter;domestic eggs;flour;soups;baking powder}"
"7972","{berries;soda;waffles}"
"7973","{root vegetables;canned beer;candles;shopping bags}"
"7974","{meat;brown bread;soda;misc. beverages;kitchen towels}"
"7975","{brown bread}"
"7976","{citrus fruit;yogurt;UHT-milk;pastry;sauces;coffee;light bulbs}"
"7977","{whole milk;popcorn;specialty chocolate;specialty bar;candy}"
"7978","{soda;bottled beer;liquor;red/blush wine;shopping bags}"
"7979","{root vegetables;other vegetables;packaged fruit/vegetables;rolls/buns;canned beer;red/blush wine}"
"7980","{tropical fruit;soda}"
"7981","{root vegetables;other vegetables;whole milk;butter;frozen vegetables;sugar;bottled water;fruit/vegetable juice}"
"7982","{grapes;salty snack}"
"7983","{margarine;long life bakery product}"
"7984","{beef;frozen meals;dog food}"
"7985","{yogurt;rolls/buns;vinegar;margarine;sparkling wine}"
"7986","{butter;pastry;long life bakery product;shopping bags}"
"7987","{rolls/buns;bottled water;specialty chocolate}"
"7988","{ham;other vegetables;hard cheese;pastry;chewing gum}"
"7989","{frankfurter;whole milk;yogurt;rolls/buns;margarine}"
"7990","{root vegetables;other vegetables;whole milk;processed cheese;mayonnaise;domestic eggs;brown bread;oil;soda;long life bakery product;shopping bags}"
"7991","{brown bread;salty snack}"
"7992","{hamburger meat;curd;hard cheese;flour;pasta;margarine;sugar;Instant food products;fruit/vegetable juice;chewing gum;hygiene articles;napkins}"
"7993","{frankfurter;tropical fruit;berries;butter milk;yogurt;whipped/sour cream;specialty cheese;rolls/buns}"
"7994","{beef;curd;frozen vegetables;frozen dessert;rolls/buns;coffee;newspapers;shopping bags}"
"7995","{root vegetables;UHT-milk;ice cream;frozen potato products;bottled water;soda;bottled beer;specialty bar;napkins;shopping bags}"
"7996","{butter milk;specialty bar;napkins}"
"7997","{sausage;pork;tropical fruit;root vegetables;other vegetables;whole milk;curd;rolls/buns;soda}"
"7998","{tropical fruit;pastry;soda;chocolate}"
"7999","{canned beer}"
"8000","{sausage;whole milk;brown bread}"
"8001","{soda}"
"8002","{tropical fruit;ketchup;shopping bags}"
"8003","{tropical fruit}"
"8004","{whole milk;frozen meals;rolls/buns;pastry;sugar;soda}"
"8005","{meat;nuts/prunes;canned beer}"
"8006","{beef;root vegetables;waffles;newspapers}"
"8007","{chewing gum;seasonal products}"
"8008","{ice cream}"
"8009","{other vegetables;soft cheese;specialty cheese;margarine;red/blush wine}"
"8010","{frozen dessert}"
"8011","{rolls/buns;bottled beer}"
"8012","{tropical fruit;rolls/buns}"
"8013","{sausage;rolls/buns;soda}"
"8014","{fruit/vegetable juice}"
"8015","{whole milk;cocoa drinks;shopping bags}"
"8016","{grapes;root vegetables;other vegetables;yogurt;white bread}"
"8017","{rolls/buns;margarine}"
"8018","{other vegetables;whole milk;yogurt;whipped/sour cream;meat spreads;instant coffee;soda}"
"8019","{ham;pork;citrus fruit;pip fruit;root vegetables;other vegetables;butter milk;beverages;sliced cheese;frozen vegetables;frozen fish;oil;margarine;canned vegetables}"
"8020","{yogurt;dish cleaner;candles}"
"8021","{sausage;whole milk;margarine;waffles;candles}"
"8022","{cookware}"
"8023","{pastry;chocolate;chocolate marshmallow}"
"8024","{beverages;rolls/buns;fruit/vegetable juice}"
"8025","{bottled beer}"
"8026","{tropical fruit;whole milk}"
"8027","{tropical fruit;whole milk;yogurt;rolls/buns;pastry;coffee;specialty chocolate}"
"8028","{whole milk}"
"8029","{pork;rolls/buns;margarine;canned beer;napkins}"
"8030","{canned beer}"
"8031","{pork;frozen potato products;rolls/buns;pastry;soda;white wine}"
"8032","{ice cream;specialty bar}"
"8033","{ice cream}"
"8034","{packaged fruit/vegetables;whipped/sour cream}"
"8035","{frankfurter;UHT-milk;hard cheese;spread cheese;brown bread;pastry;bottled water;seasonal products;shopping bags}"
"8036","{yogurt;rolls/buns;specialty bar}"
"8037","{pork;pip fruit;other vegetables;yogurt;domestic eggs}"
"8038","{tropical fruit;pastry;fruit/vegetable juice}"
"8039","{spread cheese;brown bread;canned beer;red/blush wine}"
"8040","{pastry}"
"8041","{other vegetables;yogurt;whipped/sour cream;mayonnaise;domestic eggs;canned fruit;pet care;misc. beverages;sparkling wine}"
"8042","{citrus fruit;pastry}"
"8043","{frankfurter;tropical fruit;pip fruit;sliced cheese;mayonnaise;domestic eggs;rolls/buns;fruit/vegetable juice;shopping bags}"
"8044","{chicken;tropical fruit;onions;other vegetables;butter milk;yogurt;beverages;sliced cheese;hard cheese;rolls/buns;pastry;cereals;chocolate;napkins;house keeping products}"
"8045","{sausage;ham;rolls/buns;soda;white wine}"
"8046","{frankfurter;root vegetables;frozen vegetables;white bread;bathroom cleaner}"
"8047","{whole milk;pastry;semi-finished bread}"
"8048","{frankfurter;sausage;chicken;citrus fruit;root vegetables;herbs;packaged fruit/vegetables;whole milk;salt;sugar;bottled beer;napkins}"
"8049","{soda;bottled beer;shopping bags}"
"8050","{sausage;white bread;coffee;soda;shopping bags}"
"8051","{whole milk;specialty chocolate}"
"8052","{whole milk;dog food;cat food;soda;chocolate;napkins}"
"8053","{brown bread;sparkling wine}"
"8054","{UHT-milk}"
"8055","{hamburger meat;other vegetables;napkins}"
"8056","{other vegetables;condensed milk;soda;newspapers}"
"8057","{whole milk;coffee;chocolate;shopping bags}"
"8058","{canned beer;waffles;chocolate}"
"8059","{canned beer}"
"8060","{male cosmetics;napkins}"
"8061","{bottled beer}"
"8062","{newspapers}"
"8063","{whole milk}"
"8064","{yogurt;canned beer}"
"8065","{frozen meals}"
"8066","{other vegetables}"
"8067","{whole milk}"
"8068","{other vegetables;whole milk;whipped/sour cream;coffee;flower (seeds)}"
"8069","{soda}"
"8070","{curd;dessert;rolls/buns;seasonal products;dishes}"
"8071","{whole milk;ice cream;prosecco}"
"8072","{bottled water;canned beer;white wine;specialty bar;shopping bags}"
"8073","{citrus fruit;prosecco;specialty bar;shopping bags}"
"8074","{domestic eggs}"
"8075","{newspapers}"
"8076","{hamburger meat;berries;dessert;whipped/sour cream;shopping bags}"
"8077","{detergent}"
"8078","{cookware}"
"8079","{pork;root vegetables;herbs;whole milk;frozen vegetables;rolls/buns;sweet spreads;detergent;flower (seeds)}"
"8080","{canned beer}"
"8081","{sausage;tropical fruit;cream cheese ;pastry;bottled water}"
"8082","{soft cheese;frozen meals;domestic eggs;rolls/buns;cat food}"
"8083","{canned fruit}"
"8084","{frankfurter;ham;meat;pip fruit;berries;UHT-milk;soft cheese;sliced cheese;cream cheese ;frozen vegetables;frozen fish;white bread;brown bread;sugar;sauces;sweet spreads;canned fish;pet care;fruit/vegetable juice;specialty bar;kitchen towels}"
"8085","{frankfurter;whole milk;rolls/buns;cling film/bags;shopping bags}"
"8086","{berries;yogurt;specialty cheese}"
"8087","{ice cream}"
"8088","{sausage;meat}"
"8089","{whole milk;yogurt;roll products }"
"8090","{UHT-milk}"
"8091","{whole milk}"
"8092","{meat;frozen vegetables;soda}"
"8093","{beef;citrus fruit;tropical fruit;root vegetables;other vegetables;whole milk;whipped/sour cream;cream cheese ;rolls/buns;rice;vinegar;baking powder;detergent}"
"8094","{yogurt;salt;coffee;specialty bar;softener;hygiene articles}"
"8095","{canned beer;shopping bags}"
"8096","{grapes;chocolate}"
"8097","{whole milk}"
"8098","{whole milk;domestic eggs}"
"8099","{canned beer}"
"8100","{tropical fruit;pip fruit}"
"8101","{onions;oil;dog food;bottled water;dish cleaner;shopping bags}"
"8102","{whole milk;butter milk;cream cheese ;fruit/vegetable juice}"
"8103","{chicken;butter}"
"8104","{other vegetables;roll products }"
"8105","{citrus fruit;hard cheese}"
"8106","{white wine}"
"8107","{pork;citrus fruit;tropical fruit;grapes;root vegetables;cream cheese ;pet care;bottled water;fruit/vegetable juice;bottled beer}"
"8108","{whole milk}"
"8109","{candy;hygiene articles}"
"8110","{chicken;soda;liquor (appetizer);newspapers;shopping bags}"
"8111","{citrus fruit;butter milk;white bread;canned fish;bottled water;sparkling wine;male cosmetics}"
"8112","{grapes;rolls/buns;long life bakery product;candy}"
"8113","{rolls/buns}"
"8114","{hamburger meat;tropical fruit;onions;canned vegetables;soda;candy;shopping bags}"
"8115","{other vegetables}"
"8116","{candy}"
"8117","{sausage;other vegetables;beverages;rolls/buns;red/blush wine;specialty chocolate;shopping bags}"
"8118","{pork;onions;yogurt}"
"8119","{onions;other vegetables;whole milk;yogurt;whipped/sour cream;tea;cleaner;bathroom cleaner}"
"8120","{beef;citrus fruit;grapes;root vegetables;rolls/buns;dog food;chocolate}"
"8121","{yogurt;bottled water;white wine}"
"8122","{sparkling wine}"
"8123","{citrus fruit}"
"8124","{semi-finished bread}"
"8125","{soda}"
"8126","{frankfurter;citrus fruit;other vegetables;UHT-milk;syrup;seasonal products;newspapers}"
"8127","{white bread;specialty bar}"
"8128","{white wine}"
"8129","{fish;citrus fruit;tropical fruit;other vegetables;oil;margarine;white wine}"
"8130","{ham}"
"8131","{beverages;rolls/buns;bottled water}"
"8132","{soda;specialty chocolate;shopping bags}"
"8133","{sliced cheese;canned beer}"
"8134","{tropical fruit;waffles;newspapers}"
"8135","{rolls/buns;soda}"
"8136","{waffles}"
"8137","{bottled beer}"
"8138","{hamburger meat;soft cheese;hard cheese;baking powder;meat spreads;dish cleaner}"
"8139","{other vegetables;frozen meals;soda}"
"8140","{root vegetables;yogurt;UHT-milk;rolls/buns}"
"8141","{whole milk;napkins}"
"8142","{bottled beer;seasonal products}"
"8143","{sausage;curd}"
"8144","{sausage;chicken;other vegetables;soft cheese;frozen vegetables;spices;soda;shopping bags}"
"8145","{whole milk}"
"8146","{artif. sweetener;coffee}"
"8147","{finished products;other vegetables;pet care;misc. beverages;chocolate;newspapers}"
"8148","{dog food}"
"8149","{ham;tropical fruit;pip fruit;other vegetables;UHT-milk;sliced cheese;domestic eggs;white bread;fruit/vegetable juice}"
"8150","{bottled beer;liquor;red/blush wine;waffles;candy;napkins;shopping bags}"
"8151","{ice cream;domestic eggs;rolls/buns;bottled water;soda;bottled beer;nut snack;shopping bags}"
"8152","{coffee;syrup}"
"8153","{beef;spread cheese;rolls/buns;white wine;shopping bags}"
"8154","{frozen fish}"
"8155","{bottled beer}"
"8156","{onions;fruit/vegetable juice}"
"8157","{chicken;bottled beer}"
"8158","{beef;other vegetables;whole milk;ice cream}"
"8159","{meat;other vegetables;dessert;yogurt;domestic eggs;rolls/buns;oil;pet care;coffee;bottled water;fruit/vegetable juice;bottled beer}"
"8160","{chewing gum;napkins}"
"8161","{rolls/buns;dishes}"
"8162","{frankfurter;sausage;other vegetables;yogurt;rolls/buns;white bread}"
"8163","{whole milk;frozen vegetables}"
"8164","{canned beer;specialty bar}"
"8165","{canned beer;red/blush wine}"
"8166","{specialty chocolate}"
"8167","{UHT-milk;specialty bar}"
"8168","{beverages;cream cheese }"
"8169","{soda}"
"8170","{root vegetables;whole milk;long life bakery product;cling film/bags}"
"8171","{sausage;rolls/buns;coffee}"
"8172","{rolls/buns}"
"8173","{tropical fruit;yogurt;bottled water;specialty chocolate}"
"8174","{citrus fruit;grapes;onions;other vegetables;whipped/sour cream;cream cheese ;mayonnaise;frozen vegetables;ice cream;mustard;spices;preservation products;coffee;cocoa drinks;long life bakery product;waffles;chocolate;candy;dish cleaner;abrasive cleaner;hygiene articles}"
"8175","{salty snack}"
"8176","{other vegetables;rice;coffee;specialty chocolate;seasonal products;hygiene articles;shopping bags}"
"8177","{canned beer}"
"8178","{chocolate}"
"8179","{onions;whipped/sour cream;newspapers}"
"8180","{male cosmetics}"
"8181","{chicken;frozen vegetables;chocolate;chocolate marshmallow;shopping bags}"
"8182","{whole milk;soda;fruit/vegetable juice;shopping bags}"
"8183","{white bread}"
"8184","{pork;other vegetables;whipped/sour cream;frozen vegetables;cereals;cat food;fruit/vegetable juice;cake bar;specialty chocolate;specialty bar;napkins;newspapers;shopping bags}"
"8185","{meat;whole milk;domestic eggs;pastry}"
"8186","{other vegetables;condensed milk;soda;misc. beverages}"
"8187","{whole milk;frozen meals;white bread;bottled water;soda;candy}"
"8188","{beef;root vegetables;other vegetables;bottled water;soda}"
"8189","{frankfurter;sausage;yogurt;white bread;bottled water;soda;shopping bags}"
"8190","{sausage;ham;curd;soda;cake bar;shopping bags}"
"8191","{pastry;bottled beer}"
"8192","{napkins}"
"8193","{canned fish;canned beer;chocolate}"
"8194","{bottled beer}"
"8195","{citrus fruit;tropical fruit;brown bread;sauces;soda;napkins;shopping bags}"
"8196","{whole milk;brown bread;salt;sugar}"
"8197","{whole milk;butter}"
"8198","{frankfurter;onions;butter milk;spices;soups;soda;shopping bags}"
"8199","{tropical fruit;grapes;frozen meals;brown bread;bottled water;soda;shopping bags}"
"8200","{coffee}"
"8201","{herbs;butter;chocolate}"
"8202","{sausage;root vegetables;specialty bar;seasonal products}"
"8203","{root vegetables;herbs;whole milk;curd;frozen vegetables;frozen dessert;sweet spreads;fruit/vegetable juice}"
"8204","{curd;yogurt;white bread;brown bread;flour;artif. sweetener;red/blush wine;shopping bags}"
"8205","{dessert;misc. beverages;fruit/vegetable juice;popcorn;shopping bags}"
"8206","{tropical fruit;pip fruit;whole milk;rolls/buns;brown bread;soda;chewing gum}"
"8207","{pastry}"
"8208","{rolls/buns;soda;female sanitary products}"
"8209","{rolls/buns;bottled beer}"
"8210","{hamburger meat;other vegetables;curd;rolls/buns;bottled beer;specialty bar}"
"8211","{pastry}"
"8212","{pip fruit}"
"8213","{bottled water;bottled beer;white wine}"
"8214","{cream cheese ;brown bread;meat spreads;soda;chocolate}"
"8215","{root vegetables;yogurt;soda;popcorn}"
"8216","{canned beer;salty snack;chocolate}"
"8217","{whole milk;butter;yogurt;rolls/buns;coffee;fruit/vegetable juice;detergent}"
"8218","{rolls/buns}"
"8219","{root vegetables}"
"8220","{yogurt;flour;sugar;baking powder}"
"8221","{yogurt;whipped/sour cream;UHT-milk;fruit/vegetable juice;newspapers}"
"8222","{sausage;rolls/buns;margarine}"
"8223","{other vegetables;cream cheese ;rolls/buns;margarine;specialty fat;soups}"
"8224","{coffee}"
"8225","{beef;frozen vegetables;rolls/buns;soda;chewing gum;photo/film}"
"8226","{beef;sugar;soda;long life bakery product;hygiene articles}"
"8227","{pip fruit;processed cheese;bottled water}"
"8228","{tropical fruit;pip fruit;frozen meals;softener}"
"8229","{pork;bottled water}"
"8230","{pork;whole milk;yogurt;cream cheese ;rolls/buns;pudding powder}"
"8231","{sausage;beef;hamburger meat;pip fruit;root vegetables;herbs;other vegetables;yogurt;mayonnaise;rolls/buns;dishes}"
"8232","{chicken;root vegetables;whole milk}"
"8233","{frankfurter;beef;other vegetables;pasta;margarine;canned fish;dishes;cling film/bags}"
"8234","{other vegetables;whole milk;dessert;cream cheese ;sugar;dishes}"
"8235","{pip fruit;herbs;other vegetables;whipped/sour cream;oil;bottled water}"
"8236","{whole milk;yogurt;bottled water}"
"8237","{pork;shopping bags}"
"8238","{pip fruit;newspapers}"
"8239","{pip fruit;other vegetables;whipped/sour cream;sliced cheese;rolls/buns}"
"8240","{frankfurter;meat;chicken;pip fruit;root vegetables;onions;whipped/sour cream;domestic eggs;potato products;shopping bags}"
"8241","{canned beer}"
"8242","{butter;yogurt;frozen vegetables;frozen potato products;pickled vegetables}"
"8243","{sausage;citrus fruit;tropical fruit;pip fruit;other vegetables;whole milk;butter;processed cheese;spread cheese;pastry;canned fish;bottled water;red/blush wine;salty snack;long life bakery product;chocolate;female sanitary products;rubbing alcohol;hygiene articles;napkins;house keeping products}"
"8244","{meat;citrus fruit;yogurt;condensed milk;frozen vegetables;spices;meat spreads;canned fish}"
"8245","{dog food;detergent;hygiene articles;napkins;newspapers;pot plants}"
"8246","{sausage;hamburger meat;margarine}"
"8247","{sausage;soda}"
"8248","{pip fruit;whole milk;cream cheese ;rolls/buns;chocolate;cooking chocolate}"
"8249","{tropical fruit;whole milk;frozen meals;frozen dessert;rolls/buns;soda;bottled beer;cake bar;detergent;pot plants}"
"8250","{beef;citrus fruit;curd;butter milk}"
"8251","{whole milk;butter}"
"8252","{citrus fruit;rolls/buns}"
"8253","{pastry;soda}"
"8254","{frozen meals}"
"8255","{sausage;tropical fruit;root vegetables;whole milk;yogurt;frozen potato products;pastry}"
"8256","{organic sausage;pork;root vegetables;curd;bottled water}"
"8257","{whole milk;rolls/buns;pastry}"
"8258","{beverages;cream cheese }"
"8259","{citrus fruit;yogurt;newspapers}"
"8260","{berries;yogurt;whipped/sour cream;sugar}"
"8261","{meat;butter;yogurt;rolls/buns;bottled water;soda;fruit/vegetable juice}"
"8262","{bottled beer}"
"8263","{rolls/buns;soda}"
"8264","{whole milk;rolls/buns;flour;vinegar;shopping bags}"
"8265","{citrus fruit;tropical fruit;whole milk;rolls/buns;brown bread;bottled water}"
"8266","{beverages;processed cheese;coffee}"
"8267","{tropical fruit}"
"8268","{other vegetables;sliced cheese;rolls/buns;bottled water;newspapers}"
"8269","{rolls/buns}"
"8270","{curd cheese;rolls/buns}"
"8271","{grapes;UHT-milk}"
"8272","{canned beer}"
"8273","{pip fruit;other vegetables;margarine;photo/film}"
"8274","{canned beer;shopping bags}"
"8275","{soda}"
"8276","{berries;dessert;rolls/buns;soda;white wine}"
"8277","{pip fruit}"
"8278","{pork;root vegetables;other vegetables;whole milk;butter milk;yogurt;whipped/sour cream;rolls/buns;flour;cat food;instant coffee;waffles;cling film/bags;newspapers}"
"8279","{rolls/buns;bottled water}"
"8280","{sausage;bottled water;white wine}"
"8281","{sausage;tropical fruit;onions;other vegetables;butter milk;curd cheese;rolls/buns;bottled water;abrasive cleaner}"
"8282","{pip fruit;rolls/buns;soda;skin care}"
"8283","{frankfurter;onions;liquor (appetizer);napkins}"
"8284","{butter}"
"8285","{organic sausage;tropical fruit;packaged fruit/vegetables;whole milk;curd;yogurt;soft cheese;curd cheese;frozen vegetables;domestic eggs;rolls/buns;pastry;margarine;bottled water;cooking chocolate;hygiene articles;shopping bags}"
"8286","{sausage;hamburger meat;whole milk;butter;curd;processed cheese;pastry;Instant food products;shopping bags}"
"8287","{frankfurter;sausage;other vegetables;rolls/buns;bottled water;bottled beer}"
"8288","{chicken;citrus fruit;other vegetables;whole milk;female sanitary products}"
"8289","{whole milk;pastry}"
"8290","{berries;whole milk;curd;yogurt;rolls/buns;pastry;honey;chocolate}"
"8291","{beef}"
"8292","{rolls/buns;bottled beer}"
"8293","{root vegetables;bottled water;white wine}"
"8294","{tropical fruit;root vegetables;curd;yogurt;tea;newspapers}"
"8295","{beef;other vegetables;whole milk;domestic eggs;margarine;pickled vegetables;bottled water;bottled beer;newspapers}"
"8296","{beef}"
"8297","{hamburger meat;other vegetables}"
"8298","{citrus fruit}"
"8299","{domestic eggs;rolls/buns;flour}"
"8300","{dessert;specialty bar;newspapers}"
"8301","{beverages;frozen fish;salt;sugar;snack products}"
"8302","{sausage;ham;beef;citrus fruit;berries;yogurt;spread cheese;rolls/buns;cat food;chocolate;specialty bar}"
"8303","{rolls/buns;margarine;bottled water;soda;red/blush wine;chocolate;candy;newspapers}"
"8304","{frankfurter;rolls/buns}"
"8305","{citrus fruit;tropical fruit;whole milk;yogurt}"
"8306","{pork;beef;grapes;berries;root vegetables;other vegetables;packaged fruit/vegetables;yogurt;newspapers}"
"8307","{liver loaf;curd;rolls/buns;newspapers}"
"8308","{frankfurter;frozen dessert;rolls/buns}"
"8309","{whole milk;napkins}"
"8310","{whole milk;shopping bags}"
"8311","{pork;margarine;candy}"
"8312","{pasta}"
"8313","{fruit/vegetable juice}"
"8314","{chicken;root vegetables;other vegetables;rolls/buns;canned beer;red/blush wine}"
"8315","{grapes;pastry;coffee;hair spray}"
"8316","{bottled water;canned beer}"
"8317","{frankfurter;rolls/buns;brown bread;coffee;bottled water;soda;canned beer;chocolate;cling film/bags;shopping bags}"
"8318","{frankfurter;hamburger meat;root vegetables;whole milk;yogurt;brown bread;chocolate}"
"8319","{shopping bags}"
"8320","{whole milk;yogurt;frozen fish;domestic eggs;white bread;margarine;fruit/vegetable juice;waffles;skin care;hygiene articles}"
"8321","{sausage;tropical fruit;pip fruit;specialty cheese;ice cream;rolls/buns;soda;specialty chocolate;candy;shopping bags}"
"8322","{frozen vegetables}"
"8323","{pip fruit;cream cheese ;rolls/buns}"
"8324","{tropical fruit;whole milk;yogurt}"
"8325","{whipped/sour cream;frozen vegetables;flour;flower (seeds)}"
"8326","{tropical fruit;pasta;candy}"
"8327","{frankfurter;pip fruit;other vegetables;yogurt}"
"8328","{bottled water}"
"8329","{berries;whipped/sour cream}"
"8330","{chicken;whole milk;rolls/buns;pasta}"
"8331","{beverages}"
"8332","{other vegetables;chocolate}"
"8333","{white bread;misc. beverages;bottled beer;liquor;red/blush wine}"
"8334","{frankfurter;yogurt;domestic eggs}"
"8335","{coffee}"
"8336","{frankfurter;sausage}"
"8337","{sausage;rolls/buns}"
"8338","{sausage;hard cheese;shopping bags}"
"8339","{soda;chocolate;candy}"
"8340","{tropical fruit;root vegetables;whole milk;white bread;coffee}"
"8341","{misc. beverages}"
"8342","{tropical fruit;beverages}"
"8343","{butter;rolls/buns;soda;specialty bar}"
"8344","{curd;cream cheese ;rolls/buns;flour;margarine;cat food;coffee;whisky}"
"8345","{other vegetables;rolls/buns;canned fish}"
"8346","{specialty bar}"
"8347","{curd;zwieback}"
"8348","{beef;whole milk;yogurt;brown bread;dish cleaner;dishes}"
"8349","{whole milk;shopping bags}"
"8350","{frozen meals;cereals;shopping bags}"
"8351","{bottled water}"
"8352","{soda;chocolate}"
"8353","{pork;beef;root vegetables;other vegetables;UHT-milk;spread cheese;mayonnaise;domestic eggs;zwieback;toilet cleaner;newspapers;shopping bags}"
"8354","{whole milk;curd;rolls/buns;bottled water;fruit/vegetable juice;soap}"
"8355","{shopping bags}"
"8356","{sausage;pork;beef;hamburger meat;root vegetables;whole milk;butter;dessert;pasta;cat food;chocolate;candles;shopping bags}"
"8357","{soft cheese;cream cheese ;rolls/buns;soda;specialty bar}"
"8358","{sausage;other vegetables;rolls/buns}"
"8359","{frozen vegetables;specialty chocolate}"
"8360","{chicken;berries;root vegetables;whole milk;butter;whipped/sour cream;cereals;napkins;photo/film;flower (seeds)}"
"8361","{yogurt;frozen vegetables;cat food}"
"8362","{whole milk;yogurt;pastry;waffles}"
"8363","{rolls/buns}"
"8364","{sausage;rolls/buns;mustard}"
"8365","{yogurt;dog food;newspapers}"
"8366","{pork;fish;citrus fruit;whole milk;long life bakery product}"
"8367","{tropical fruit;berries;whipped/sour cream}"
"8368","{sausage;tropical fruit;pip fruit;root vegetables;whole milk;yogurt;rolls/buns;pastry;oil;coffee;specialty bar;dish cleaner;cling film/bags;shopping bags}"
"8369","{canned beer}"
"8370","{grapes;cream cheese }"
"8371","{tropical fruit;whole milk;yogurt;whipped/sour cream;frozen meals;rolls/buns;waffles;newspapers;photo/film}"
"8372","{yogurt}"
"8373","{frankfurter;tropical fruit}"
"8374","{sausage;bottled beer;liquor}"
"8375","{pork;tropical fruit;pip fruit;bottled water;bottled beer}"
"8376","{soda}"
"8377","{baking powder;misc. beverages;shopping bags}"
"8378","{misc. beverages}"
"8379","{processed cheese;soda}"
"8380","{pork;hamburger meat;other vegetables;brown bread;Instant food products}"
"8381","{cream cheese ;rolls/buns;zwieback;dental care;napkins;newspapers}"
"8382","{tropical fruit;onions;other vegetables;whole milk;canned vegetables;soda;fruit/vegetable juice;chocolate;newspapers}"
"8383","{jam;cocoa drinks;soda}"
"8384","{pip fruit;hygiene articles}"
"8385","{frankfurter;sausage;meat;whole milk;beverages;hard cheese;fruit/vegetable juice;bottled beer;sparkling wine;specialty chocolate;napkins}"
"8386","{flower soil/fertilizer}"
"8387","{whole milk;canned fish;cat food;pet care}"
"8388","{pork;other vegetables;whole milk;brown bread;pastry;soda;misc. beverages}"
"8389","{frankfurter;bottled water;misc. beverages;bottled beer;sparkling wine}"
"8390","{chewing gum;shopping bags}"
"8391","{chicken;other vegetables;whole milk;pastry}"
"8392","{frozen vegetables}"
"8393","{rolls/buns}"
"8394","{yogurt;tea;fruit/vegetable juice;hygiene articles}"
"8395","{frankfurter;sausage;tropical fruit;pip fruit;grapes;other vegetables;whole milk;butter;yogurt;frozen meals;brown bread;red/blush wine}"
"8396","{sausage;soda}"
"8397","{citrus fruit;onions;UHT-milk;brown bread;pastry;bottled water;fruit/vegetable juice}"
"8398","{other vegetables;whole milk;yogurt;frozen meals;semi-finished bread;cat food;soda;fruit/vegetable juice;chocolate;hygiene articles;newspapers}"
"8399","{whole milk;beverages}"
"8400","{beverages;rolls/buns;chewing gum}"
"8401","{Instant food products}"
"8402","{hamburger meat;other vegetables}"
"8403","{sausage;rolls/buns;cookware}"
"8404","{tropical fruit;grapes;yogurt;frozen vegetables;ice cream;rolls/buns;sugar;soda;detergent;dish cleaner}"
"8405","{whole milk;butter milk;hard cheese;coffee;chocolate;candy}"
"8406","{pastry;oil}"
"8407","{whole milk;curd;whipped/sour cream;cream cheese ;white bread;oil;sugar;baking powder;cat food;chocolate;cooking chocolate}"
"8408","{pasta;sauces;cake bar;chocolate marshmallow;napkins}"
"8409","{whole milk;yogurt;frozen meals;pasta;sauces;canned fish;cat food;pet care;soda}"
"8410","{processed cheese;bottled water;soda}"
"8411","{brown bread}"
"8412","{frozen meals;canned beer;red/blush wine;salty snack}"
"8413","{sausage;citrus fruit;tropical fruit;grapes;other vegetables;packaged fruit/vegetables;butter;curd;butter milk;yogurt;brown bread;flour;fruit/vegetable juice;waffles;candy;shopping bags}"
"8414","{tropical fruit;frozen meals;rolls/buns;candy;newspapers}"
"8415","{beef;other vegetables;waffles;pot plants}"
"8416","{bottled beer;liquor}"
"8417","{domestic eggs}"
"8418","{sparkling wine}"
"8419","{soda;misc. beverages;salty snack;chewing gum}"
"8420","{sausage;rolls/buns;soda}"
"8421","{chocolate}"
"8422","{tropical fruit;whole milk;butter milk;cereals;fruit/vegetable juice;long life bakery product;chocolate;cleaner;newspapers}"
"8423","{beef;tropical fruit;yogurt}"
"8424","{brown bread;pastry;semi-finished bread;dog food;coffee;fruit/vegetable juice}"
"8425","{whole milk}"
"8426","{berries;other vegetables;yogurt;UHT-milk;rolls/buns;bottled water;soda}"
"8427","{citrus fruit;pip fruit;butter;spices;bottled beer;long life bakery product;specialty bar;dental care;napkins;light bulbs}"
"8428","{soda;specialty chocolate}"
"8429","{hamburger meat;grapes;whole milk;pastry;pasta;soda}"
"8430","{chocolate}"
"8431","{grapes;liquor (appetizer);waffles}"
"8432","{tropical fruit;root vegetables;other vegetables;napkins}"
"8433","{yogurt}"
"8434","{hamburger meat;root vegetables;yogurt;whipped/sour cream;sliced cheese;pasta;soda;nut snack;waffles}"
"8435","{nuts/prunes;brandy}"
"8436","{pastry;soda;salty snack;popcorn;skin care}"
"8437","{sausage;other vegetables;yogurt;cat food;chewing gum;female sanitary products;cling film/bags}"
"8438","{sausage;ham;bottled water}"
"8439","{berries}"
"8440","{canned beer}"
"8441","{citrus fruit}"
"8442","{rolls/buns;soda}"
"8443","{rolls/buns;soda;detergent}"
"8444","{chicken;other vegetables;rolls/buns;shopping bags}"
"8445","{frankfurter;hamburger meat;whole milk;coffee;bottled water;bottled beer;waffles;chocolate}"
"8446","{rolls/buns}"
"8447","{citrus fruit;whole milk;yogurt;whipped/sour cream;cat food;specialty chocolate;female sanitary products}"
"8448","{soda}"
"8449","{beef;root vegetables;curd;dessert;waffles;dish cleaner}"
"8450","{waffles}"
"8451","{whole milk;salty snack}"
"8452","{finished products}"
"8453","{whole milk;soda;cleaner}"
"8454","{ham;berries;root vegetables;whole milk;whipped/sour cream;brown bread;pastry;bottled beer;napkins}"
"8455","{processed cheese;brown bread}"
"8456","{sausage;root vegetables}"
"8457","{curd;dishes}"
"8458","{bottled beer}"
"8459","{dessert;frozen dessert;oil;soda;salty snack;chocolate;dental care}"
"8460","{chicken;other vegetables}"
"8461","{bottled beer}"
"8462","{finished products;pip fruit;yogurt;chocolate}"
"8463","{rolls/buns;soda;cleaner}"
"8464","{soda;rum}"
"8465","{fruit/vegetable juice;pot plants;shopping bags}"
"8466","{other vegetables;dessert;white bread}"
"8467","{frozen vegetables;frozen fish}"
"8468","{tropical fruit;whole milk;curd;dessert;pastry;soda;misc. beverages;hygiene articles;shopping bags}"
"8469","{frozen vegetables;seasonal products;hygiene articles;newspapers}"
"8470","{hamburger meat;soda;rum;pot plants}"
"8471","{frankfurter;meat;other vegetables;mustard;bottled beer;detergent}"
"8472","{yogurt;rolls/buns}"
"8473","{other vegetables;yogurt;whipped/sour cream;waffles}"
"8474","{sausage;hamburger meat;onions;other vegetables;rolls/buns;coffee}"
"8475","{sausage;berries;curd;whipped/sour cream;long life bakery product;specialty bar}"
"8476","{rolls/buns;soda}"
"8477","{chicken;long life bakery product;chocolate}"
"8478","{frankfurter;tropical fruit;whole milk;rolls/buns;bottled water;napkins}"
"8479","{whole milk;hard cheese;bottled beer}"
"8480","{bottled beer;liquor}"
"8481","{shopping bags}"
"8482","{sausage;whole milk;sauces}"
"8483","{soda}"
"8484","{tropical fruit;pip fruit}"
"8485","{pork;frozen vegetables}"
"8486","{frozen dessert;soda}"
"8487","{beef;root vegetables;white wine;shopping bags}"
"8488","{frankfurter;sausage;Instant food products}"
"8489","{bottled beer}"
"8490","{pip fruit;berries;root vegetables;whole milk;curd;whipped/sour cream;soft cheese;frozen vegetables;pastry}"
"8491","{chicken;berries;frozen vegetables;coffee;cling film/bags}"
"8492","{frankfurter;sausage;pastry}"
"8493","{yogurt;frozen fish;rolls/buns}"
"8494","{ice cream;white bread;candles}"
"8495","{tropical fruit;dishes}"
"8496","{pasta;soda;long life bakery product}"
"8497","{root vegetables;whole milk;whipped/sour cream;domestic eggs;soda;fruit/vegetable juice}"
"8498","{other vegetables;butter;whipped/sour cream;processed cheese;frozen fruits}"
"8499","{soda;canned beer;newspapers}"
"8500","{soda;misc. beverages;waffles;shopping bags}"
"8501","{grapes;berries;butter milk;yogurt;pot plants}"
"8502","{specialty chocolate}"
"8503","{pip fruit;ice cream;bottled water;soda;fruit/vegetable juice;bottled beer}"
"8504","{chewing gum;chocolate;specialty chocolate}"
"8505","{frankfurter;chicken;citrus fruit;root vegetables;packaged fruit/vegetables;domestic eggs;brown bread;artif. sweetener;bottled water;waffles;napkins}"
"8506","{frankfurter;root vegetables;onions;whole milk;curd;butter milk;frozen meals;oil;soda;fruit/vegetable juice;shopping bags}"
"8507","{frankfurter;citrus fruit;tropical fruit;yogurt;bottled water}"
"8508","{sausage;whole milk;rolls/buns}"
"8509","{meat;tropical fruit;butter;yogurt;soft cheese;cat food;bottled water;specialty chocolate;dish cleaner;napkins;shopping bags}"
"8510","{domestic eggs}"
"8511","{waffles;chocolate}"
"8512","{yogurt;white wine}"
"8513","{ice cream}"
"8514","{whole milk}"
"8515","{sausage;citrus fruit;tropical fruit;other vegetables;curd;pastry;soda;chocolate;hygiene articles}"
"8516","{long life bakery product;detergent}"
"8517","{sausage;rolls/buns;soda}"
"8518","{white wine}"
"8519","{frankfurter;whole milk;processed cheese;ice cream;canned fish;hygiene articles;cling film/bags}"
"8520","{pastry;margarine;candy}"
"8521","{chewing gum}"
"8522","{organic sausage;soda}"
"8523","{chicken;pork;fruit/vegetable juice;canned beer;waffles}"
"8524","{coffee;shopping bags}"
"8525","{specialty bar}"
"8526","{popcorn}"
"8527","{whole milk;condensed milk}"
"8528","{frankfurter;beef;hamburger meat;grapes;whole milk;whipped/sour cream;mayonnaise;frozen vegetables;coffee;soda;misc. beverages;long life bakery product;hygiene articles}"
"8529","{pork;citrus fruit;root vegetables;whole milk;dessert;yogurt;frozen fish;margarine;pickled vegetables;chocolate;candy}"
"8530","{tropical fruit;whole milk;chocolate;newspapers}"
"8531","{curd;chewing gum;specialty chocolate;newspapers}"
"8532","{other vegetables;sliced cheese;hard cheese;rolls/buns;pastry}"
"8533","{sausage;pork;beef;tropical fruit;root vegetables;onions;other vegetables;UHT-milk;sliced cheese;mustard;ketchup;bottled water;soda;waffles;chocolate marshmallow;bathroom cleaner;napkins;newspapers}"
"8534","{yogurt;frozen meals;long life bakery product;chocolate;shopping bags}"
"8535","{sausage;pip fruit;other vegetables;whole milk;hard cheese;rolls/buns;canned vegetables;candy;napkins}"
"8536","{citrus fruit;tropical fruit;UHT-milk;bottled water;soda;misc. beverages;fruit/vegetable juice;napkins}"
"8537","{whole milk;frozen meals;ice cream}"
"8538","{other vegetables;frozen vegetables;ice cream}"
"8539","{frankfurter;curd;soda}"
"8540","{meat;chicken;beef;whole milk;whipped/sour cream;fruit/vegetable juice}"
"8541","{cat food;soda;specialty chocolate}"
"8542","{dog food;bottled water;liquor;dish cleaner}"
"8543","{pork;citrus fruit;other vegetables;yogurt}"
"8544","{dessert;canned beer}"
"8545","{whole milk;bottled water}"
"8546","{chicken}"
"8547","{flower soil/fertilizer}"
"8548","{yogurt;cake bar}"
"8549","{chicken;beef;other vegetables;whole milk;UHT-milk;frozen vegetables;pasta;vinegar;baking powder;detergent;cleaner;house keeping products}"
"8550","{butter milk;rolls/buns}"
"8551","{coffee;soda;chocolate marshmallow}"
"8552","{frozen meals;ice cream;brown bread}"
"8553","{salty snack}"
"8554","{sausage;citrus fruit;root vegetables;onions;curd;yogurt;whipped/sour cream;bottled beer}"
"8555","{white bread;white wine}"
"8556","{pip fruit;UHT-milk;semi-finished bread;margarine;bottled water;cake bar;shopping bags}"
"8557","{tropical fruit;bottled water}"
"8558","{prosecco}"
"8559","{packaged fruit/vegetables}"
"8560","{citrus fruit;whole milk;yogurt;processed cheese;frozen vegetables;rolls/buns;margarine;chocolate}"
"8561","{whole milk}"
"8562","{butter}"
"8563","{pork;root vegetables;soda;salty snack}"
"8564","{other vegetables;UHT-milk;sugar;soda}"
"8565","{other vegetables;spread cheese;brown bread;margarine;bottled beer}"
"8566","{meat;yogurt;napkins}"
"8567","{whole milk;soft cheese;rolls/buns;prosecco;napkins;pot plants}"
"8568","{canned beer;red/blush wine}"
"8569","{tropical fruit;white bread;spices;Instant food products}"
"8570","{tropical fruit;yogurt;beverages;hard cheese;frozen meals;rolls/buns;tea;bottled water;light bulbs;shopping bags}"
"8571","{sweet spreads}"
"8572","{brandy}"
"8573","{tropical fruit;brandy}"
"8574","{sausage;pork;tropical fruit;other vegetables;butter milk;UHT-milk;soda}"
"8575","{canned beer}"
"8576","{coffee;bottled water;canned beer;napkins}"
"8577","{pork}"
"8578","{dish cleaner}"
"8579","{canned beer}"
"8580","{rolls/buns;soda}"
"8581","{pastry;soda;waffles}"
"8582","{misc. beverages}"
"8583","{misc. beverages}"
"8584","{frozen dessert;bottled water;soda;bottled beer}"
"8585","{meat;turkey;hamburger meat;citrus fruit;root vegetables;herbs;other vegetables;whole milk;curd;yogurt;rolls/buns;pastry;rice;baking powder}"
"8586","{citrus fruit;whole milk;yogurt;rolls/buns;bottled water}"
"8587","{rolls/buns}"
"8588","{canned vegetables}"
"8589","{canned beer}"
"8590","{whole milk;baking powder;bottled water;newspapers}"
"8591","{chicken;grapes;whole milk;yogurt;rolls/buns;bottled water;fruit/vegetable juice;bottled beer;chocolate;napkins}"
"8592","{whole milk;dessert}"
"8593","{tropical fruit;whole milk;cream cheese ;processed cheese;rolls/buns;shopping bags}"
"8594","{citrus fruit;curd;sliced cheese;bottled water;napkins}"
"8595","{canned beer}"
"8596","{rolls/buns;canned beer}"
"8597","{pip fruit;whole milk;rolls/buns;sugar;baking powder}"
"8598","{pork;whole milk;whipped/sour cream;bottled beer;dishes}"
"8599","{canned beer}"
"8600","{citrus fruit;tropical fruit;pip fruit;onions;other vegetables;whole milk;yogurt;frozen fish;long life bakery product;newspapers;pot plants}"
"8601","{margarine;candles;newspapers}"
"8602","{chicken;root vegetables;UHT-milk;specialty chocolate}"
"8603","{meat;root vegetables;onions;herbs;other vegetables;whole milk;flour;soda;seasonal products}"
"8604","{root vegetables;other vegetables;whole milk;flour}"
"8605","{ham;grapes;napkins}"
"8606","{newspapers}"
"8607","{whipped/sour cream;rolls/buns;pastry;bottled water}"
"8608","{cream cheese ;zwieback}"
"8609","{citrus fruit;root vegetables;butter milk;oil}"
"8610","{pip fruit;other vegetables;whole milk;domestic eggs;pastry;pasta;soups;dish cleaner}"
"8611","{beef;root vegetables;other vegetables;whipped/sour cream;rolls/buns;bottled beer}"
"8612","{yogurt;cream cheese ;pastry;canned fish;fruit/vegetable juice;shopping bags}"
"8613","{sausage;rolls/buns;bottled beer}"
"8614","{processed cheese}"
"8615","{domestic eggs;white wine}"
"8616","{sausage;chicken;beef;citrus fruit;tropical fruit;root vegetables;onions;herbs;other vegetables;whole milk;butter;curd;yogurt;frozen meals;domestic eggs}"
"8617","{bottled water;bottled beer;specialty bar}"
"8618","{newspapers}"
"8619","{canned beer}"
"8620","{tropical fruit;dessert;yogurt;UHT-milk;domestic eggs;rolls/buns;brown bread;canned vegetables;meat spreads;cake bar;chocolate;specialty chocolate}"
"8621","{curd;yogurt}"
"8622","{pip fruit}"
"8623","{beverages;rolls/buns}"
"8624","{soda;fruit/vegetable juice;long life bakery product}"
"8625","{newspapers}"
"8626","{frankfurter;meat;pork;grapes;root vegetables;whipped/sour cream;domestic eggs}"
"8627","{tropical fruit;whole milk;white bread;long life bakery product;napkins}"
"8628","{pork;whole milk;cream cheese ;frozen fish;brown bread;sauces}"
"8629","{chicken;tropical fruit;other vegetables;shopping bags}"
"8630","{chicken;pork;tropical fruit;curd cheese;cat food}"
"8631","{rolls/buns;canned fish;soda;newspapers}"
"8632","{semi-finished bread;fruit/vegetable juice;newspapers}"
"8633","{sausage;beef;citrus fruit;yogurt;brown bread;margarine;soda;long life bakery product;hygiene articles;napkins;pot plants}"
"8634","{sausage;tropical fruit;condensed milk;soda;specialty chocolate}"
"8635","{shopping bags}"
"8636","{condensed milk;coffee}"
"8637","{yogurt}"
"8638","{frankfurter;sausage;meat;turkey;other vegetables;whipped/sour cream;brown bread;margarine;bottled beer}"
"8639","{turkey;citrus fruit;pip fruit;herbs;butter;frozen vegetables;brown bread;semi-finished bread}"
"8640","{beef;citrus fruit;whole milk;yogurt;rolls/buns;bottled water}"
"8641","{rolls/buns;red/blush wine}"
"8642","{whole milk;pastry}"
"8643","{berries;other vegetables;whole milk;yogurt;whipped/sour cream;frozen vegetables;margarine;newspapers;flower (seeds)}"
"8644","{citrus fruit;newspapers}"
"8645","{meat;root vegetables;other vegetables;whole milk;brown bread;pastry;artif. sweetener;newspapers}"
"8646","{pip fruit;sliced cheese;rolls/buns;canned beer;shopping bags}"
"8647","{grapes;berries;waffles}"
"8648","{canned beer}"
"8649","{sausage;grapes;whole milk;seasonal products}"
"8650","{seasonal products}"
"8651","{chicken;citrus fruit;root vegetables}"
"8652","{sausage;citrus fruit;grapes;curd;rolls/buns;brown bread;bottled beer}"
"8653","{liver loaf;tropical fruit;yogurt;ice cream;rolls/buns}"
"8654","{root vegetables;sugar;cat food}"
"8655","{sliced cheese}"
"8656","{pork;other vegetables;sliced cheese;white bread}"
"8657","{tropical fruit;butter milk}"
"8658","{spread cheese;rolls/buns}"
"8659","{spread cheese}"
"8660","{sausage;meat;grapes;root vegetables;other vegetables;rolls/buns;canned beer}"
"8661","{hamburger meat;white bread;pasta;specialty vegetables;bottled water;soda;snack products;waffles;cake bar;candy}"
"8662","{frankfurter;grapes;yogurt;cream cheese ;frozen potato products;rolls/buns;meat spreads;bottled water;soda;chewing gum}"
"8663","{whole milk;rolls/buns;margarine;bottled beer}"
"8664","{pip fruit;semi-finished bread;soups}"
"8665","{whole milk;rolls/buns;canned beer}"
"8666","{beef;citrus fruit;root vegetables;other vegetables;dessert;whipped/sour cream;oil;fruit/vegetable juice;napkins;cling film/bags;newspapers;shopping bags}"
"8667","{sausage;frozen vegetables;seasonal products}"
"8668","{pork;berries;whole milk;frozen meals;white bread;brown bread;margarine;long life bakery product;napkins}"
"8669","{sausage;root vegetables;other vegetables;sliced cheese;hard cheese;semi-finished bread;oil;baking powder;canned vegetables;pet care;chocolate;napkins;newspapers}"
"8670","{napkins}"
"8671","{hamburger meat}"
"8672","{yogurt;pet care}"
"8673","{meat;tropical fruit;vinegar;spices;cling film/bags}"
"8674","{sausage;onions;rolls/buns;soda;brandy;white wine;chewing gum;napkins;shopping bags}"
"8675","{pastry}"
"8676","{liver loaf;pork;other vegetables;whole milk;rolls/buns;coffee;soda;napkins;dishes}"
"8677","{other vegetables;butter;margarine;specialty fat}"
"8678","{pork;citrus fruit;pip fruit;root vegetables;whole milk;frozen dessert;rolls/buns;oil;coffee;bottled beer}"
"8679","{pork;beef;tropical fruit;root vegetables;other vegetables;whole milk;yogurt;whipped/sour cream;processed cheese;frozen vegetables;frozen dessert;rolls/buns;semi-finished bread;zwieback;margarine;sugar;Instant food products;canned fish;bottled water;bottled beer;snack products;waffles;chocolate marshmallow;hygiene articles}"
"8680","{beverages;cake bar}"
"8681","{beef;whole milk;pastry;semi-finished bread;specialty chocolate;chocolate marshmallow}"
"8682","{pip fruit;whole milk;domestic eggs}"
"8683","{berries;yogurt;cream cheese ;rolls/buns;soda;brandy}"
"8684","{frozen meals;frozen fish}"
"8685","{tropical fruit;other vegetables;whole milk;yogurt;cream cheese ;curd cheese;domestic eggs;sugar;fruit/vegetable juice;napkins}"
"8686","{newspapers}"
"8687","{chicken;root vegetables;other vegetables;coffee;chewing gum;hygiene articles;napkins;cling film/bags;kitchen towels;light bulbs}"
"8688","{whole milk;UHT-milk;chocolate;newspapers;shopping bags}"
"8689","{butter;UHT-milk;domestic eggs;waffles}"
"8690","{pip fruit;brown bread}"
"8691","{frankfurter;sausage;root vegetables;rolls/buns;pickled vegetables;newspapers}"
"8692","{other vegetables;yogurt;whipped/sour cream;white bread}"
"8693","{beef;root vegetables;other vegetables;whole milk}"
"8694","{turkey;citrus fruit;pip fruit;root vegetables;onions;other vegetables;whole milk;butter;spices;bottled water;bottled beer}"
"8695","{processed cheese;bottled beer;liquor;red/blush wine}"
"8696","{tropical fruit;pip fruit;root vegetables;other vegetables;whole milk;processed cheese;domestic eggs;brown bread;roll products ;cat food;bottled beer;house keeping products}"
"8697","{sausage;rolls/buns;pastry;cat food}"
"8698","{rolls/buns}"
"8699","{beef;root vegetables;rolls/buns;brown bread;pastry;oil;napkins;newspapers}"
"8700","{rolls/buns;soda;waffles;newspapers}"
"8701","{hamburger meat;dessert;pickled vegetables;coffee;shopping bags}"
"8702","{turkey;tropical fruit;grapes;root vegetables;other vegetables;butter;whipped/sour cream;beverages;processed cheese;oil;baking powder;pudding powder;long life bakery product}"
"8703","{specialty chocolate}"
"8704","{frankfurter;sausage;pork;citrus fruit;other vegetables;whole milk;rolls/buns;oil;bottled water;specialty chocolate;flower (seeds)}"
"8705","{beef;rolls/buns}"
"8706","{berries;whole milk;flour;sugar;soda}"
"8707","{kitchen utensil}"
"8708","{soda;chocolate}"
"8709","{whole milk;bottled water}"
"8710","{chicken;pork;whole milk;whipped/sour cream;coffee}"
"8711","{whole milk;butter;yogurt;brown bread;bottled water;soda;fruit/vegetable juice;long life bakery product;newspapers}"
"8712","{brown bread;pastry;long life bakery product}"
"8713","{frankfurter;citrus fruit;whole milk;butter;yogurt;frozen vegetables;frozen meals;ice cream;rolls/buns;popcorn;chocolate marshmallow}"
"8714","{frankfurter;whole milk;margarine;bottled water;soda;detergent}"
"8715","{pip fruit;herbs;other vegetables;whole milk;curd;whipped/sour cream;rum;napkins;house keeping products;shopping bags}"
"8716","{sausage;organic sausage;chicken;berries;whole milk;butter;whipped/sour cream;soda;fruit/vegetable juice;chocolate}"
"8717","{hygiene articles}"
"8718","{frankfurter;root vegetables;whole milk;butter;curd;domestic eggs;brown bread;flour;pickled vegetables;house keeping products}"
"8719","{citrus fruit;whole milk;whipped/sour cream;domestic eggs;salt;newspapers}"
"8720","{tropical fruit;hard cheese;domestic eggs;soda;misc. beverages;chewing gum}"
"8721","{chicken;citrus fruit;other vegetables}"
"8722","{bottled water}"
"8723","{ham;grapes;berries;hard cheese;processed cheese;snack products;long life bakery product;waffles;female sanitary products;pot plants;shopping bags}"
"8724","{canned beer;specialty bar}"
"8725","{grapes;white wine;dishes}"
"8726","{hamburger meat;herbs;other vegetables;butter;whipped/sour cream;soda;dish cleaner;cleaner}"
"8727","{curd;yogurt}"
"8728","{rolls/buns;brown bread}"
"8729","{waffles}"
"8730","{beef;other vegetables;newspapers}"
"8731","{beef}"
"8732","{butter;bottled beer}"
"8733","{sausage;frozen vegetables;domestic eggs;soda;fruit/vegetable juice;napkins;pot plants}"
"8734","{frankfurter;sausage;liver loaf;citrus fruit;pip fruit;onions;yogurt;domestic eggs;brown bread;oil;fruit/vegetable juice}"
"8735","{chocolate;candy}"
"8736","{UHT-milk;candy;napkins}"
"8737","{sausage;tropical fruit;rolls/buns;soda;cling film/bags;shopping bags}"
"8738","{cream cheese }"
"8739","{bottled beer;shopping bags}"
"8740","{rolls/buns;fruit/vegetable juice;specialty chocolate;newspapers}"
"8741","{rolls/buns}"
"8742","{finished products;whole milk;rolls/buns;salty snack;cake bar;chocolate;candy;newspapers}"
"8743","{sausage;beef;pip fruit;grapes;root vegetables;other vegetables;whole milk;curd;butter milk;yogurt;sliced cheese;cream cheese ;specialty cheese;frozen meals;white bread;pastry;candy}"
"8744","{tropical fruit;whipped/sour cream;frozen vegetables;rolls/buns;salty snack;dish cleaner}"
"8745","{beef;grapes;whole milk;butter;curd;ice cream;cat food;bottled water;dish cleaner}"
"8746","{sausage;rolls/buns;chocolate;candy;shopping bags}"
"8747","{ham;tropical fruit;ice cream;semi-finished bread;chocolate marshmallow}"
"8748","{grapes;root vegetables;other vegetables;domestic eggs}"
"8749","{whole milk}"
"8750","{beef;yogurt;margarine}"
"8751","{canned fish;fruit/vegetable juice;make up remover}"
"8752","{whole milk;pastry;sugar;newspapers}"
"8753","{chicken;tropical fruit;other vegetables;whole milk;soft cheese;frozen vegetables;chocolate}"
"8754","{rolls/buns;soda}"
"8755","{liver loaf;root vegetables;other vegetables}"
"8756","{frankfurter;sausage;processed cheese;rolls/buns;pickled vegetables;bottled water;liquor;shopping bags}"
"8757","{citrus fruit;tropical fruit;other vegetables;whole milk;butter;curd;yogurt;sliced cheese;spread cheese;rolls/buns;semi-finished bread}"
"8758","{turkey;yogurt;rolls/buns;pastry;margarine;bottled water;soda;fruit/vegetable juice;canned beer}"
"8759","{sausage;pip fruit;other vegetables;yogurt;hard cheese;domestic eggs;rolls/buns;bottled water;newspapers}"
"8760","{beverages;pastry;soda;misc. beverages;chocolate marshmallow}"
"8761","{mayonnaise;tidbits;rolls/buns;bottled water;soda;cake bar}"
"8762","{rolls/buns}"
"8763","{chicken;pork;beef;whole milk;curd;soft cheese;processed cheese;frozen potato products;rolls/buns;popcorn}"
"8764","{canned beer;liquor (appetizer)}"
"8765","{chicken;hamburger meat;other vegetables;butter;yogurt;rolls/buns;white bread;rice;fruit/vegetable juice;cake bar;chocolate;candy;shopping bags}"
"8766","{whole milk}"
"8767","{ham;pork;white bread;candy}"
"8768","{rolls/buns}"
"8769","{whole milk;curd;hard cheese;bottled water}"
"8770","{soda;chocolate;specialty bar;napkins}"
"8771","{shopping bags}"
"8772","{whole milk;canned beer}"
"8773","{organic sausage;mustard;ready soups;soda}"
"8774","{citrus fruit;tropical fruit;whole milk;curd;dessert;mayonnaise;domestic eggs;margarine;sugar;pot plants}"
"8775","{beef}"
"8776","{frankfurter;chicken;citrus fruit;root vegetables}"
"8777","{pork;other vegetables;whole milk;brown bread;pastry;sugar}"
"8778","{yogurt;rolls/buns;dog food;bottled water;canned beer;shopping bags}"
"8779","{butter;hard cheese;canned beer}"
"8780","{yogurt}"
"8781","{salty snack}"
"8782","{rolls/buns;house keeping products;light bulbs}"
"8783","{bottled beer}"
"8784","{beef;packaged fruit/vegetables;pot plants}"
"8785","{meat;beef;other vegetables;butter;frozen fish;bottled water;napkins}"
"8786","{semi-finished bread;instant coffee}"
"8787","{whole milk;curd;yogurt;soft cheese;detergent;newspapers}"
"8788","{chicken;beef;rolls/buns;instant coffee}"
"8789","{meat;pork;other vegetables;brown bread;syrup}"
"8790","{pastry;soda;shopping bags}"
"8791","{rolls/buns}"
"8792","{beverages;popcorn}"
"8793","{other vegetables;whole milk;rice;fruit/vegetable juice}"
"8794","{frankfurter;citrus fruit;pip fruit;dessert;butter milk;frozen vegetables;frozen meals;domestic eggs;white bread;brown bread;pastry;soda;salty snack;long life bakery product;napkins;shopping bags}"
"8795","{pastry;canned beer;salty snack;long life bakery product;specialty chocolate;candy;candles}"
"8796","{sausage;beef;whipped/sour cream;rolls/buns;salt;Instant food products;soda;softener}"
"8797","{citrus fruit;rolls/buns;flour;margarine;sugar;mustard;cat food;soda;bottled beer;nut snack;newspapers;shopping bags}"
"8798","{tropical fruit;shopping bags}"
"8799","{salty snack}"
"8800","{whole milk;bottled beer;newspapers}"
"8801","{pastry;coffee;waffles}"
"8802","{salty snack}"
"8803","{canned beer;shopping bags}"
"8804","{chicken;beef;flour;salty snack}"
"8805","{bottled beer;shopping bags}"
"8806","{whole milk;brown bread;jam;newspapers;pot plants}"
"8807","{pip fruit;grapes}"
"8808","{chocolate}"
"8809","{citrus fruit;other vegetables;domestic eggs;shopping bags}"
"8810","{soda;white wine}"
"8811","{soda}"
"8812","{frozen meals;canned beer;salty snack}"
"8813","{newspapers}"
"8814","{sausage;pork;hamburger meat;tropical fruit;pip fruit;whole milk;yogurt;sliced cheese;frozen vegetables;white bread;dog food;coffee;bottled water;fruit/vegetable juice;long life bakery product;specialty chocolate;specialty bar;chocolate marshmallow;hygiene articles;pot plants}"
"8815","{frozen meals;cat food;hair spray}"
"8816","{finished products;pork;grapes;other vegetables;hard cheese;bottled water;salty snack;popcorn;waffles;cleaner}"
"8817","{tropical fruit}"
"8818","{whole milk;bottled water;soda;canned beer}"
"8819","{ice cream;bottled water;soda}"
"8820","{processed cheese;soda;shopping bags}"
"8821","{soda;canned beer}"
"8822","{newspapers}"
"8823","{beef;tropical fruit;root vegetables;other vegetables;yogurt;condensed milk;sliced cheese;specialty cheese;mayonnaise;cat food;liquor;salty snack;nut snack;napkins;dishes;shopping bags}"
"8824","{grapes;popcorn}"
"8825","{pip fruit;whole milk;dessert;margarine;chocolate marshmallow}"
"8826","{chocolate marshmallow}"
"8827","{bottled beer}"
"8828","{pork;onions;whole milk;butter;curd;bottled water;soda;misc. beverages;popcorn;chocolate;napkins}"
"8829","{meat;pork;other vegetables;whole milk;sliced cheese;pastry;sugar;Instant food products;kitchen towels}"
"8830","{other vegetables;whole milk;yogurt;frozen vegetables;brown bread;pastry;flour;bottled water;soda;fruit/vegetable juice;canned beer;long life bakery product}"
"8831","{tropical fruit;yogurt;cream cheese ;long life bakery product}"
"8832","{chicken;root vegetables;whole milk;pastry;candy}"
"8833","{bottled beer}"
"8834","{sausage;chicken;hamburger meat;pip fruit;berries;other vegetables;whole milk;dessert;butter milk;UHT-milk;domestic eggs;salty snack}"
"8835","{yogurt;zwieback;soda;chocolate marshmallow;shopping bags}"
"8836","{frankfurter;chicken;beef;other vegetables;dessert;yogurt;frozen vegetables;rolls/buns;baking powder;pickled vegetables;seasonal products}"
"8837","{frankfurter;curd;frozen vegetables;domestic eggs;soups;soda;soap;hygiene articles}"
"8838","{citrus fruit;margarine}"
"8839","{frankfurter;meat;hamburger meat;berries;whole milk;butter;pasta;honey;coffee;fruit/vegetable juice;napkins}"
"8840","{whipped/sour cream;salt}"
"8841","{bottled water;napkins}"
"8842","{grapes;misc. beverages;fruit/vegetable juice}"
"8843","{frankfurter;processed cheese}"
"8844","{frankfurter;chicken;pork;grapes;root vegetables;other vegetables;whole milk;domestic eggs;brown bread;soups;newspapers}"
"8845","{frankfurter;whole milk;soda;syrup;female sanitary products}"
"8846","{candy}"
"8847","{other vegetables;cream cheese ;frozen fruits;frozen fish;domestic eggs;rolls/buns;margarine;cereals;pickled vegetables;canned fish;dog food;salty snack;specialty chocolate;dental care;kitchen towels;shopping bags}"
"8848","{beef;citrus fruit;berries;whole milk;yogurt;UHT-milk;specialty cheese;pastry;cake bar;seasonal products;detergent;pot plants}"
"8849","{bottled beer;red/blush wine}"
"8850","{frankfurter;tropical fruit;berries;whole milk;dessert;yogurt;whipped/sour cream;domestic eggs;pasta;specialty vegetables;sweet spreads;soda;long life bakery product;napkins;shopping bags}"
"8851","{pork;whole milk;soda;canned beer;salty snack;chewing gum;candy}"
"8852","{root vegetables;other vegetables}"
"8853","{beef;whole milk;dessert;margarine;shopping bags}"
"8854","{misc. beverages}"
"8855","{whole milk}"
"8856","{other vegetables;whole milk;napkins}"
"8857","{beef;whipped/sour cream}"
"8858","{sausage;beef;berries;root vegetables;other vegetables;whole milk;butter;sliced cheese;rolls/buns;white bread;brown bread;pastry;jam;soda;fruit/vegetable juice;syrup;chocolate;dish cleaner;dental care;napkins;newspapers}"
"8859","{frankfurter;pasta;bottled beer}"
"8860","{whole milk;curd;frozen dessert;rolls/buns;long life bakery product}"
"8861","{sausage;tropical fruit;berries;other vegetables;dessert;frozen fish;frozen potato products;red/blush wine;seasonal products}"
"8862","{other vegetables}"
"8863","{sausage;other vegetables;packaged fruit/vegetables;whole milk;yogurt}"
"8864","{other vegetables;cream cheese }"
"8865","{frankfurter;sausage;finished products;fish;whole milk;white bread;pastry;oil;margarine;sugar;fruit/vegetable juice;cake bar;chocolate}"
"8866","{frankfurter;ham;chicken;pork;root vegetables;other vegetables;dessert;cream cheese ;rolls/buns;cat food;bottled water;shopping bags}"
"8867","{curd;yogurt}"
"8868","{grapes;butter;rum}"
"8869","{canned beer}"
"8870","{hamburger meat;citrus fruit;tropical fruit;pip fruit;whole milk;yogurt;frozen meals;domestic eggs;brown bread;pasta;sugar;Instant food products;canned fish;soda;salty snack;popcorn;chocolate;dish cleaner;shopping bags}"
"8871","{citrus fruit;domestic eggs;bottled water;soda}"
"8872","{whole milk;newspapers}"
"8873","{frozen dessert;semi-finished bread}"
"8874","{yogurt;bottled beer}"
"8875","{tropical fruit;berries;root vegetables;other vegetables;butter;yogurt;UHT-milk;domestic eggs;margarine;bottled water;soda;salty snack;newspapers}"
"8876","{tropical fruit}"
"8877","{fruit/vegetable juice;cake bar;newspapers}"
"8878","{hamburger meat;rum;red/blush wine}"
"8879","{newspapers}"
"8880","{specialty chocolate}"
"8881","{soda;salty snack;specialty chocolate}"
"8882","{ice cream}"
"8883","{beef;hamburger meat;berries;root vegetables;onions;other vegetables;dessert;yogurt;frozen meals;rolls/buns;sugar;cat food;soda;fruit/vegetable juice;salty snack;popcorn;cake bar}"
"8884","{sausage;chicken;pip fruit;grapes;berries;root vegetables;onions;other vegetables;whole milk;butter;whipped/sour cream;ice cream;rolls/buns;margarine;mustard;ready soups;bottled water;canned beer;skin care;hygiene articles}"
"8885","{yogurt;white wine}"
"8886","{whole milk;rolls/buns}"
"8887","{ice cream}"
"8888","{frankfurter;sausage;chicken;other vegetables;whole milk;curd;semi-finished bread;candy;detergent}"
"8889","{hamburger meat;frozen vegetables;frozen meals;domestic eggs}"
"8890","{frankfurter;sausage;pork;curd;soda;long life bakery product;napkins}"
"8891","{frankfurter;meat;pork;root vegetables;onions;whole milk;beverages;mayonnaise;soda;chocolate}"
"8892","{sausage;hamburger meat;other vegetables;yogurt;sliced cheese;brown bread;sugar;fruit/vegetable juice;canned beer;cleaner;bathroom cleaner;napkins;newspapers}"
"8893","{pork;tropical fruit;pip fruit;root vegetables;frozen dessert;rolls/buns;margarine;seasonal products;napkins;dishes}"
"8894","{yogurt;bottled water;white wine}"
"8895","{ham;meat;tropical fruit;pip fruit;other vegetables;yogurt;UHT-milk;processed cheese;white bread;semi-finished bread;oil;margarine;pickled vegetables;coffee;soda;liquor (appetizer);napkins;light bulbs}"
"8896","{other vegetables;butter;rolls/buns;flower (seeds)}"
"8897","{sausage;soda;chocolate marshmallow}"
"8898","{beef;herbs;other vegetables;whole milk;rice}"
"8899","{dishes}"
"8900","{pork;other vegetables}"
"8901","{beef;oil;coffee;sparkling wine}"
"8902","{whole milk;waffles}"
"8903","{chicken;pork;beef;other vegetables;whole milk;butter;whipped/sour cream;soft cheese;cream cheese ;processed cheese;frozen vegetables;frozen fruits;pastry;sugar;soda;long life bakery product;waffles;chocolate marshmallow;candy}"
"8904","{yogurt;pickled vegetables;soda;fruit/vegetable juice;bottled beer;salty snack}"
"8905","{salty snack;candy}"
"8906","{pip fruit;chocolate marshmallow}"
"8907","{sausage;tropical fruit;root vegetables;herbs;whole milk;roll products ;oil}"
"8908","{curd;yogurt;pastry;bottled water;fruit/vegetable juice;dishes;pot plants}"
"8909","{beef;yogurt;white bread;flour;soda;fruit/vegetable juice;bottled beer;brandy;cooking chocolate}"
"8910","{salty snack}"
"8911","{frankfurter;frozen potato products;pastry;bottled water;bottled beer}"
"8912","{dessert;canned beer}"
"8913","{frankfurter;ham;hamburger meat;other vegetables;margarine;specialty chocolate}"
"8914","{whole milk;butter;domestic eggs;baking powder}"
"8915","{photo/film}"
"8916","{pip fruit;specialty bar}"
"8917","{sausage;berries;curd;yogurt;whipped/sour cream;cream cheese ;frozen vegetables;tea;fruit/vegetable juice;napkins;shopping bags}"
"8918","{root vegetables;yogurt}"
"8919","{frankfurter;ham;whole milk;butter;yogurt;sliced cheese;hard cheese;domestic eggs;zwieback;baking powder;napkins}"
"8920","{ham;beef;other vegetables;whole milk;domestic eggs;oil;sugar;jam;bottled water;pot plants}"
"8921","{pip fruit}"
"8922","{citrus fruit;tropical fruit;sliced cheese;ice cream;domestic eggs;detergent;newspapers}"
"8923","{soda}"
"8924","{sugar}"
"8925","{hamburger meat;other vegetables;canned vegetables}"
"8926","{whole milk}"
"8927","{nuts/prunes;liquor}"
"8928","{frankfurter;tropical fruit;grapes;other vegetables;rolls/buns;white bread;soda;syrup;canned beer;long life bakery product;candy;rubbing alcohol;cling film/bags}"
"8929","{red/blush wine}"
"8930","{berries;beverages;canned beer;shopping bags}"
"8931","{sausage;citrus fruit;tropical fruit;berries;root vegetables;other vegetables;condensed milk;curd cheese;roll products ;pasta;oil;coffee;soda;fruit/vegetable juice;bottled beer;abrasive cleaner;bathroom cleaner;napkins}"
"8932","{salty snack}"
"8933","{frankfurter;meat;citrus fruit;pip fruit;other vegetables;whole milk;yogurt;sliced cheese;canned beer;house keeping products}"
"8934","{pork;tropical fruit;pip fruit;nuts/prunes;other vegetables;frozen meals;margarine;newspapers}"
"8935","{misc. beverages;fruit/vegetable juice;canned beer;chewing gum;chocolate;shopping bags}"
"8936","{ice cream}"
"8937","{chocolate;candy;shopping bags}"
"8938","{whole milk;rolls/buns;white bread;brown bread;margarine}"
"8939","{other vegetables;fruit/vegetable juice;chewing gum}"
"8940","{spread cheese}"
"8941","{whole milk;whipped/sour cream;pastry;margarine;shopping bags}"
"8942","{pip fruit;other vegetables;whole milk;dessert;butter milk;yogurt;cream cheese ;tidbits;frozen potato products;rolls/buns;white bread;mustard;fruit/vegetable juice;salty snack;long life bakery product;chocolate;specialty bar;napkins}"
"8943","{frankfurter;whole milk;frozen vegetables;fruit/vegetable juice}"
"8944","{pork;whole milk}"
"8945","{citrus fruit;other vegetables;spread cheese}"
"8946","{bottled beer}"
"8947","{citrus fruit;pip fruit;specialty cheese;bottled water;soda}"
"8948","{hamburger meat;grapes;whole milk;rice;sugar;bottled water}"
"8949","{whipped/sour cream;cream cheese }"
"8950","{sausage;tropical fruit;grapes;berries;other vegetables;pastry;soda;specialty chocolate;napkins;shopping bags}"
"8951","{citrus fruit;tropical fruit;root vegetables;other vegetables;butter;yogurt;whipped/sour cream;salty snack;specialty bar}"
"8952","{rolls/buns;margarine;bottled beer}"
"8953","{sliced cheese;frozen fish;margarine;bottled water;canned beer}"
"8954","{butter milk;yogurt;salty snack;specialty chocolate}"
"8955","{sausage;root vegetables;soda;bottled beer;salty snack;popcorn}"
"8956","{other vegetables;soft cheese;margarine;bottled water;bottled beer}"
"8957","{beef;root vegetables;herbs;packaged fruit/vegetables;butter;sliced cheese;domestic eggs;jam;bottled water}"
"8958","{hamburger meat;tropical fruit;other vegetables;whole milk;butter;curd;dessert;yogurt;whipped/sour cream;UHT-milk;domestic eggs;pastry;flour;margarine;cereals;canned fish;cat food;bottled water;bottled beer;hygiene articles;napkins}"
"8959","{chicken;frozen vegetables;bottled beer}"
"8960","{sausage;meat;herbs;other vegetables;soft cheese;margarine;cat food;shopping bags}"
"8961","{sausage;citrus fruit;soda;fruit/vegetable juice;salty snack;napkins;cling film/bags}"
"8962","{bottled water;bottled beer}"
"8963","{pastry;soda}"
"8964","{cat food}"
"8965","{other vegetables;whole milk;butter milk;yogurt;whipped/sour cream;domestic eggs;pastry;popcorn}"
"8966","{whole milk;domestic eggs;brown bread;pastry}"
"8967","{other vegetables;butter;yogurt;domestic eggs;pastry;bottled beer;specialty bar;flower (seeds)}"
"8968","{tropical fruit;salt;canned fish;bottled water;bottled beer}"
"8969","{citrus fruit;tropical fruit;onions;other vegetables;butter milk}"
"8970","{pork;butter milk;pickled vegetables;soda;canned beer;liquor}"
"8971","{canned beer;red/blush wine}"
"8972","{frankfurter;pork;hamburger meat;pip fruit;other vegetables;whole milk;rolls/buns;white bread;pastry;Instant food products;waffles;chocolate}"
"8973","{yogurt;cereals;specialty bar}"
"8974","{sausage;other vegetables;whole milk;fruit/vegetable juice}"
"8975","{cream cheese ;chocolate marshmallow}"
"8976","{other vegetables}"
"8977","{sausage;whole milk;white bread}"
"8978","{frankfurter;pork;pip fruit;berries;root vegetables;other vegetables;whole milk;pastry;semi-finished bread;syrup;shopping bags}"
"8979","{citrus fruit;whole milk;yogurt;sliced cheese;domestic eggs;canned vegetables;canned beer}"
"8980","{ham;yogurt;pastry;coffee;waffles;chocolate;female sanitary products}"
"8981","{soda}"
"8982","{frankfurter;whole milk;yogurt;napkins}"
"8983","{citrus fruit;whole milk;bottled water;soda;fruit/vegetable juice;bottled beer}"
"8984","{frozen fish;brown bread;canned beer;rum;newspapers}"
"8985","{whole milk}"
"8986","{ham;pork;shopping bags}"
"8987","{sausage;tropical fruit;pip fruit;berries;other vegetables;whole milk;butter;curd;whipped/sour cream;cat food;salty snack;popcorn;pot plants;shopping bags}"
"8988","{shopping bags}"
"8989","{cereals;salty snack}"
"8990","{frozen fish;liquor (appetizer)}"
"8991","{whole milk;white bread;margarine;cat food;soda}"
"8992","{soda;canned beer}"
"8993","{pastry;soda;misc. beverages;canned beer;salty snack;chocolate;shopping bags}"
"8994","{frankfurter;tropical fruit;pip fruit;other vegetables;yogurt;whipped/sour cream;rolls/buns;bottled water;soda;misc. beverages;chocolate;specialty chocolate;candy;shopping bags}"
"8995","{yogurt;UHT-milk;domestic eggs;rolls/buns;long life bakery product}"
"8996","{domestic eggs;canned beer;liquor (appetizer);chocolate marshmallow;shopping bags}"
"8997","{sausage;other vegetables;whole milk;butter;fruit/vegetable juice}"
"8998","{ham;whole milk;white bread}"
"8999","{other vegetables;whole milk;pastry;salty snack;candy}"
"9000","{tropical fruit;yogurt;soda}"
"9001","{whole milk;brown bread;margarine}"
"9002","{sausage;pork;citrus fruit;tropical fruit;pip fruit;root vegetables;whole milk;butter;curd;yogurt;cream;sliced cheese;hard cheese;frozen vegetables;frozen fish;frozen potato products;brown bread;margarine;baking powder;cat food;pet care;soda;fruit/vegetable juice;nut snack;chocolate;female sanitary products;hygiene articles;napkins;house keeping products}"
"9003","{soda}"
"9004","{tropical fruit;whole milk}"
"9005","{domestic eggs;pastry;bottled beer;canned beer;long life bakery product;chocolate;candles;newspapers}"
"9006","{red/blush wine}"
"9007","{rolls/buns}"
"9008","{other vegetables;frozen fish;brown bread;red/blush wine}"
"9009","{frankfurter;pip fruit;soft cheese;semi-finished bread;chewing gum;specialty chocolate}"
"9010","{citrus fruit;root vegetables;other vegetables;UHT-milk;domestic eggs;canned fruit;soda;waffles;candy;newspapers}"
"9011","{dessert;butter milk;brown bread;canned beer;shopping bags}"
"9012","{tropical fruit;whole milk;yogurt;semi-finished bread;bottled water;soda;chocolate marshmallow}"
"9013","{hamburger meat;tropical fruit;other vegetables;shopping bags}"
"9014","{soda}"
"9015","{chicken;other vegetables;whole milk;yogurt;frozen vegetables;rolls/buns;oil;bottled beer;canned beer;long life bakery product}"
"9016","{rolls/buns;sugar}"
"9017","{butter;curd;yogurt;whipped/sour cream;margarine;salty snack;hygiene articles}"
"9018","{pip fruit;herbs;other vegetables;whole milk;whipped/sour cream}"
"9019","{specialty bar}"
"9020","{sausage;tropical fruit;other vegetables;whole milk;frozen vegetables;rolls/buns;white bread;brown bread;roll products ;oil;sugar}"
"9021","{grapes;other vegetables;butter;newspapers}"
"9022","{semi-finished bread}"
"9023","{domestic eggs;white bread;pastry;canned beer;newspapers}"
"9024","{pastry}"
"9025","{root vegetables;whole milk;brown bread;margarine}"
"9026","{whole milk;domestic eggs}"
"9027","{meat;citrus fruit;whole milk}"
"9028","{canned beer}"
"9029","{frankfurter;pork;other vegetables;butter milk;UHT-milk;sliced cheese;brown bread;margarine}"
"9030","{grapes;other vegetables;pastry;dish cleaner}"
"9031","{candles}"
"9032","{other vegetables;canned beer;snack products}"
"9033","{tropical fruit;whole milk;butter;butter milk;brown bread;pastry}"
"9034","{chicken;whole milk;butter;curd;domestic eggs;newspapers}"
"9035","{soda}"
"9036","{ham;pork;berries;root vegetables;oil;soda;bottled beer;salty snack;popcorn;newspapers}"
"9037","{pork;tropical fruit;grapes;onions;other vegetables;whole milk;yogurt;frozen vegetables;pet care;bottled water;seasonal products}"
"9038","{frozen vegetables;pasta;bottled water;soda}"
"9039","{beef;other vegetables;whole milk;brown bread;waffles}"
"9040","{pork;pip fruit;grapes;other vegetables;whole milk;pastry;flour;oil;sugar;dog food;chocolate}"
"9041","{dessert}"
"9042","{pork;yogurt;UHT-milk;salty snack}"
"9043","{chicken;hamburger meat;citrus fruit;tropical fruit;pip fruit;other vegetables;yogurt;rolls/buns;mustard;canned vegetables;cake bar;napkins;newspapers}"
"9044","{hamburger meat;citrus fruit;tropical fruit;other vegetables;whipped/sour cream;beverages;white bread;hygiene articles;napkins}"
"9045","{chicken;pork;beef;hamburger meat;citrus fruit;other vegetables;packaged fruit/vegetables;whole milk;pastry;napkins}"
"9046","{baking powder;newspapers;flower (seeds)}"
"9047","{other vegetables;dessert;brown bread;salt;margarine;fruit/vegetable juice;newspapers}"
"9048","{curd;bottled water;soda}"
"9049","{tropical fruit;root vegetables;other vegetables;whole milk;processed cheese}"
"9050","{rolls/buns}"
"9051","{meat;dessert;UHT-milk;fruit/vegetable juice}"
"9052","{soda}"
"9053","{photo/film}"
"9054","{pet care;bottled water;misc. beverages;shopping bags}"
"9055","{other vegetables;whole milk;yogurt;whipped/sour cream;baking powder;misc. beverages;sparkling wine;dish cleaner}"
"9056","{citrus fruit;other vegetables;white wine;long life bakery product;candles}"
"9057","{citrus fruit;beverages;domestic eggs;rolls/buns;bottled water;chewing gum;chocolate marshmallow}"
"9058","{rolls/buns;photo/film}"
"9059","{canned beer}"
"9060","{canned beer}"
"9061","{sugar}"
"9062","{meat;pork;tropical fruit;berries;baking powder;canned fish;seasonal products}"
"9063","{frankfurter;beef;other vegetables;whole milk;butter milk;yogurt;hard cheese;coffee;photo/film}"
"9064","{dishes}"
"9065","{pork;other vegetables;whole milk;rolls/buns}"
"9066","{frankfurter;citrus fruit;grapes;root vegetables;onions;other vegetables;whole milk;rolls/buns;soups;bottled beer;newspapers}"
"9067","{other vegetables;whole milk;whipped/sour cream;pastry;bottled beer}"
"9068","{newspapers}"
"9069","{berries;root vegetables;whipped/sour cream;soda}"
"9070","{beef;whole milk;rolls/buns;white bread;margarine;newspapers}"
"9071","{whole milk;whipped/sour cream;rolls/buns;pickled vegetables;bottled water;long life bakery product}"
"9072","{citrus fruit;whole milk;whipped/sour cream;rolls/buns;margarine;cling film/bags}"
"9073","{other vegetables;whole milk;condensed milk;white bread;sugar;coffee;soda;fruit/vegetable juice;bottled beer;shopping bags}"
"9074","{root vegetables;whole milk;flour;sugar;soda;misc. beverages}"
"9075","{frankfurter;hamburger meat;other vegetables;pastry;dish cleaner;cling film/bags;kitchen towels}"
"9076","{other vegetables}"
"9077","{sausage;tropical fruit;curd;yogurt;dog food;bottled water;long life bakery product;hygiene articles;shopping bags}"
"9078","{yogurt;abrasive cleaner}"
"9079","{sausage;rolls/buns;canned beer}"
"9080","{hamburger meat;whole milk;butter milk;yogurt;margarine;baking powder}"
"9081","{pork;root vegetables;brown bread;bottled water;soda}"
"9082","{tropical fruit;other vegetables;whole milk;butter;yogurt}"
"9083","{rolls/buns;pickled vegetables;chewing gum;specialty chocolate}"
"9084","{tropical fruit}"
"9085","{sausage;chicken;pork;citrus fruit;berries;root vegetables;packaged fruit/vegetables;curd;yogurt;whipped/sour cream;frozen vegetables}"
"9086","{hamburger meat;other vegetables;whole milk;butter;specialty cheese;pastry;cereals}"
"9087","{pip fruit;root vegetables;other vegetables;cream cheese ;domestic eggs;pickled vegetables;fruit/vegetable juice}"
"9088","{beef;curd;yogurt;whipped/sour cream;frozen meals;brown bread;canned fish;coffee;candy;cling film/bags}"
"9089","{other vegetables;yogurt;rolls/buns;salt;sparkling wine;napkins}"
"9090","{sausage}"
"9091","{other vegetables;whole milk;canned beer}"
"9092","{ham;meat;root vegetables;other vegetables;whole milk;curd;yogurt;frozen vegetables;frozen meals;frozen fish;rolls/buns;jam;misc. beverages;candy;seasonal products;detergent}"
"9093","{frankfurter;other vegetables;whole milk;whipped/sour cream}"
"9094","{meat;citrus fruit;hard cheese;soda}"
"9095","{ham;root vegetables;herbs;whole milk;curd;yogurt;hard cheese;rolls/buns;detergent}"
"9096","{citrus fruit;onions;other vegetables;yogurt;beverages;rolls/buns;brown bread;vinegar;bottled water;long life bakery product}"
"9097","{rolls/buns;bottled beer;brandy}"
"9098","{sausage;pip fruit;UHT-milk;soups;sauces;cat food;newspapers}"
"9099","{root vegetables;herbs;other vegetables;dessert;ice cream;cake bar;newspapers;shopping bags}"
"9100","{berries;other vegetables;semi-finished bread}"
"9101","{pork;soda;canned beer;male cosmetics}"
"9102","{meat;specialty chocolate}"
"9103","{pastry;fruit/vegetable juice}"
"9104","{long life bakery product}"
"9105","{meat;pork;fish;tropical fruit;grapes;berries;other vegetables;whole milk;frozen vegetables;semi-finished bread;chocolate;detergent;kitchen utensil;candles}"
"9106","{meat;root vegetables;other vegetables;dessert;yogurt;whipped/sour cream;rolls/buns;potato products;soda;misc. beverages;napkins;photo/film}"
"9107","{sauces;red/blush wine;waffles;newspapers}"
"9108","{pip fruit;coffee}"
"9109","{root vegetables;white bread;chewing gum}"
"9110","{ham;citrus fruit;tropical fruit;pip fruit;root vegetables;other vegetables;whole milk;brown bread}"
"9111","{hamburger meat;other vegetables;whole milk;yogurt;whipped/sour cream;mayonnaise;frozen vegetables;frozen fish;soups;fruit/vegetable juice;canned beer;detergent}"
"9112","{yogurt;long life bakery product;photo/film;pot plants}"
"9113","{beef;whole milk;butter;rolls/buns;pastry;cat food;hygiene articles}"
"9114","{citrus fruit;pip fruit;onions;other vegetables;whole milk;butter milk;whipped/sour cream;cream cheese ;domestic eggs;brown bread;shopping bags}"
"9115","{berries;herbs;pot plants}"
"9116","{frankfurter;sausage;chicken;pork;tropical fruit;pip fruit;root vegetables;whole milk;dessert;cream cheese ;frozen vegetables;rolls/buns;white bread;cake bar;napkins;shopping bags}"
"9117","{citrus fruit;cream cheese }"
"9118","{onions;other vegetables;whole milk;yogurt;roll products ;semi-finished bread}"
"9119","{beef;whole milk;oil;canned beer;salty snack}"
"9120","{frankfurter;rolls/buns}"
"9121","{pip fruit;other vegetables;butter;domestic eggs;rolls/buns;margarine;bottled water}"
"9122","{brown bread;white wine}"
"9123","{meat;tropical fruit;other vegetables;frozen vegetables;rolls/buns;soda;napkins;dishes}"
"9124","{citrus fruit;other vegetables;yogurt;cream cheese ;bottled water;long life bakery product;specialty chocolate}"
"9125","{beef;root vegetables;whole milk;pastry;soda;waffles;candy}"
"9126","{other vegetables;whipped/sour cream;hard cheese;frozen vegetables;frozen dessert;oil;margarine;baking powder}"
"9127","{chicken;pork;beef;berries;other vegetables;whole milk;rolls/buns}"
"9128","{sausage;meat;tropical fruit;cream cheese }"
"9129","{tropical fruit;whole milk;hard cheese;rolls/buns;pastry;canned vegetables;pot plants}"
"9130","{soda}"
"9131","{citrus fruit;tropical fruit;pip fruit;whole milk;yogurt;rolls/buns;pastry;white wine;red/blush wine;hygiene articles}"
"9132","{coffee}"
"9133","{chicken;tropical fruit;other vegetables;whole milk;dessert;frozen fish;mustard;pickled vegetables}"
"9134","{sugar}"
"9135","{turkey;nuts/prunes;other vegetables;whole milk;butter;curd;domestic eggs;pastry;tea}"
"9136","{cleaner;female sanitary products}"
"9137","{herbs;other vegetables;whipped/sour cream;UHT-milk;domestic eggs;sweet spreads;specialty chocolate;decalcifier;napkins}"
"9138","{citrus fruit;pickled vegetables;dog food;soda;salty snack;waffles;candy;dish cleaner;newspapers}"
"9139","{citrus fruit;tropical fruit;other vegetables;butter milk;yogurt;pastry;waffles;candy;dental care}"
"9140","{beef;root vegetables;yogurt;whipped/sour cream}"
"9141","{sausage;other vegetables;rolls/buns;baking powder;soda;cling film/bags;house keeping products}"
"9142","{soda;bottled beer}"
"9143","{liquor;house keeping products;shopping bags}"
"9144","{pork;rolls/buns;pastry;napkins;newspapers}"
"9145","{chicken;hamburger meat;whipped/sour cream;rolls/buns;soda;long life bakery product;dish cleaner}"
"9146","{pip fruit;other vegetables;whole milk;beverages;frozen vegetables;flour;sugar;chocolate}"
"9147","{beef;other vegetables;whole milk;bottled beer}"
"9148","{frankfurter;meat;tropical fruit;whole milk;ice cream;salty snack;detergent}"
"9149","{bottled water;napkins}"
"9150","{canned beer}"
"9151","{pip fruit}"
"9152","{pip fruit}"
"9153","{sausage;hamburger meat;grapes;whipped/sour cream;frozen potato products;domestic eggs;oil;seasonal products;napkins;newspapers}"
"9154","{hamburger meat;onions;whole milk;frozen vegetables;bottled water;rum}"
"9155","{sausage;grapes;baking powder;specialty vegetables;white wine;long life bakery product}"
"9156","{beef;dessert;sugar;bottled beer}"
"9157","{other vegetables;whole milk;soda;shopping bags}"
"9158","{pastry}"
"9159","{chicken}"
"9160","{herbs;frozen vegetables;dog food;bottled water;bottled beer;specialty chocolate}"
"9161","{beef;citrus fruit;cream cheese ;vinegar;margarine}"
"9162","{butter;yogurt;sliced cheese;tidbits;rolls/buns;pudding powder;soda;waffles;newspapers}"
"9163","{root vegetables;herbs;whipped/sour cream;domestic eggs}"
"9164","{beef;other vegetables;whipped/sour cream;processed cheese;salt;oil;dog food;newspapers}"
"9165","{whipped/sour cream;dog food;fruit/vegetable juice;skin care;shopping bags}"
"9166","{butter;bottled water;detergent;soap}"
"9167","{root vegetables;onions;rolls/buns;white bread;sugar}"
"9168","{tropical fruit;other vegetables;yogurt;fruit/vegetable juice;bottled beer;newspapers}"
"9169","{hamburger meat;onions;other vegetables;whole milk;domestic eggs;waffles;napkins;pot plants}"
"9170","{pork;beef;berries;root vegetables;herbs;butter;yogurt;white bread;brown bread;bottled water;misc. beverages;bottled beer;liquor;hygiene articles}"
"9171","{beef;citrus fruit;root vegetables;other vegetables;rolls/buns;sugar;fruit/vegetable juice}"
"9172","{grapes;ice cream;pastry;soda;canned beer;salty snack;chewing gum;seasonal products;flower (seeds);shopping bags}"
"9173","{frankfurter;meat;beef;citrus fruit;berries;root vegetables;packaged fruit/vegetables;whole milk;whipped/sour cream;frozen vegetables;rolls/buns;canned fruit;house keeping products;flower (seeds);shopping bags}"
"9174","{pork;beef;citrus fruit;pip fruit;root vegetables;onions;other vegetables;whole milk;butter;ice cream;bottled water;waffles;newspapers;shopping bags}"
"9175","{meat;whole milk;cream cheese ;brown bread;chocolate;newspapers}"
"9176","{sausage;chicken;citrus fruit;pip fruit;root vegetables;other vegetables;whole milk;yogurt;whipped/sour cream;domestic eggs;white bread;soda;shopping bags}"
"9177","{root vegetables;whole milk;long life bakery product}"
"9178","{sausage;ham;frozen dessert;salty snack}"
"9179","{canned beer}"
"9180","{citrus fruit;tropical fruit;grapes;berries;other vegetables;whole milk;UHT-milk;bottled water;fruit/vegetable juice}"
"9181","{frankfurter;other vegetables;yogurt;rolls/buns;pastry;margarine;sugar;waffles;chocolate;chocolate marshmallow}"
"9182","{sausage;other vegetables;whipped/sour cream;processed cheese;brown bread}"
"9183","{pork;root vegetables;other vegetables;whole milk;cream cheese ;coffee;bottled water;bottled beer}"
"9184","{sausage;root vegetables;onions;other vegetables;whole milk;butter milk;sliced cheese;curd cheese;frozen vegetables;rolls/buns}"
"9185","{citrus fruit;whipped/sour cream;pastry}"
"9186","{whole milk;butter;yogurt;whipped/sour cream;domestic eggs;coffee}"
"9187","{tropical fruit;pip fruit;root vegetables;other vegetables;whole milk;dessert;yogurt;UHT-milk;baking powder;canned vegetables;waffles}"
"9188","{other vegetables;bottled beer;canned beer}"
"9189","{rolls/buns}"
"9190","{other vegetables;curd;whipped/sour cream;UHT-milk;sugar;bottled beer;napkins}"
"9191","{sausage;canned beer;salty snack}"
"9192","{root vegetables;other vegetables;frozen vegetables;frozen fish;rolls/buns;dog food;popcorn;newspapers}"
"9193","{pastry}"
"9194","{bottled water}"
"9195","{other vegetables;whole milk;dessert;sliced cheese;hard cheese;cream cheese ;pastry;margarine;sugar;ready soups;bottled water;soda;salty snack;newspapers;shopping bags}"
"9196","{tropical fruit;pip fruit;yogurt;canned vegetables;misc. beverages}"
"9197","{frankfurter;yogurt;frozen fish;ice cream;frozen potato products;pastry;margarine;canned fish;soda;bottled beer;salty snack;nut snack;long life bakery product;specialty bar;candy}"
"9198","{pastry;oil;margarine}"
"9199","{citrus fruit;domestic eggs}"
"9200","{meat;chicken;pork;pip fruit;other vegetables;whole milk;butter milk;frozen vegetables;rolls/buns;rice;sugar;coffee;photo/film}"
"9201","{ice cream;sugar;coffee;bottled water;soda;fruit/vegetable juice;shopping bags}"
"9202","{whole milk;dessert;yogurt;margarine;newspapers}"
"9203","{soda;specialty chocolate}"
"9204","{canned beer}"
"9205","{roll products ;newspapers}"
"9206","{tropical fruit;other vegetables;whole milk;butter;yogurt;soft cheese;domestic eggs;cling film/bags}"
"9207","{other vegetables;whole milk;yogurt;sliced cheese;cereals;bottled water}"
"9208","{other vegetables;zwieback;soda;chewing gum}"
"9209","{sugar;bottled water;soda;fruit/vegetable juice;salty snack;popcorn}"
"9210","{chicken;root vegetables;long life bakery product}"
"9211","{chicken;coffee}"
"9212","{meat;chicken;root vegetables;other vegetables;whole milk;yogurt;sliced cheese;cream cheese ;roll products ;oil;margarine;artif. sweetener;detergent;shopping bags}"
"9213","{rolls/buns;bottled beer}"
"9214","{root vegetables;other vegetables;whole milk;butter;whipped/sour cream;soft cheese;rolls/buns;white bread;margarine;cocoa drinks;flower (seeds)}"
"9215","{newspapers}"
"9216","{ham;other vegetables;curd;whipped/sour cream;soft cheese;rolls/buns;long life bakery product}"
"9217","{sausage;other vegetables;rolls/buns;oil;bottled beer;red/blush wine}"
"9218","{specialty cheese;baking powder;waffles;chocolate}"
"9219","{seasonal products;shopping bags}"
"9220","{newspapers}"
"9221","{sausage;other vegetables;butter;whipped/sour cream;cream;roll products ;oil;white wine;flower (seeds)}"
"9222","{rolls/buns;newspapers}"
"9223","{whole milk;soda}"
"9224","{sausage;meat;rolls/buns;soda;fruit/vegetable juice;male cosmetics;shopping bags}"
"9225","{ice cream;bottled water;soda}"
"9226","{chicken;other vegetables;rolls/buns;margarine;soda;misc. beverages;candy}"
"9227","{shopping bags}"
"9228","{bottled water;bottled beer}"
"9229","{root vegetables;sparkling wine}"
"9230","{sausage;meat;chicken;pork;other vegetables;sliced cheese;brown bread;newspapers;shopping bags}"
"9231","{chicken;newspapers}"
"9232","{ham;pork;citrus fruit;tropical fruit;root vegetables;other vegetables;yogurt;frozen fish;fruit/vegetable juice;long life bakery product;female sanitary products}"
"9233","{tropical fruit;butter milk;UHT-milk;condensed milk;brown bread;sugar;coffee;bottled water;soda;fruit/vegetable juice;syrup;bottled beer;house keeping products;shopping bags}"
"9234","{rolls/buns}"
"9235","{other vegetables}"
"9236","{sausage;ham;pork;beef;hamburger meat;tropical fruit;pip fruit;berries;other vegetables;curd;dessert;yogurt;sliced cheese;spread cheese;semi-finished bread;canned vegetables;bottled water;misc. beverages;syrup;waffles;chocolate;seasonal products}"
"9237","{berries;waffles;specialty chocolate}"
"9238","{frankfurter;rolls/buns;canned beer}"
"9239","{yogurt;whipped/sour cream}"
"9240","{bottled water;soda;bottled beer;waffles;chocolate;dishes}"
"9241","{bottled water}"
"9242","{berries}"
"9243","{pastry;chocolate;specialty bar;candy;seasonal products}"
"9244","{citrus fruit;tropical fruit;pip fruit;root vegetables;rolls/buns}"
"9245","{chicken;root vegetables;other vegetables;whole milk;butter;yogurt;specialty cheese;domestic eggs;pastry;rice;canned fish;misc. beverages;detergent;house keeping products}"
"9246","{sausage;chicken;other vegetables;whole milk;yogurt;rolls/buns;soda;hygiene articles;napkins;shopping bags}"
"9247","{fruit/vegetable juice}"
"9248","{beverages}"
"9249","{UHT-milk;pastry;margarine}"
"9250","{turkey;tropical fruit;grapes;other vegetables;whole milk;curd;yogurt;processed cheese;dog food;pot plants}"
"9251","{white wine;red/blush wine;napkins}"
"9252","{other vegetables;whole milk;cream cheese ;frozen meals;rolls/buns;brown bread;bottled water;newspapers}"
"9253","{other vegetables;yogurt}"
"9254","{sausage;organic products;specialty chocolate}"
"9255","{liver loaf;rolls/buns}"
"9256","{butter milk;hard cheese;instant coffee}"
"9257","{pip fruit}"
"9258","{rolls/buns;pickled vegetables;specialty bar;dental care}"
"9259","{frankfurter;whole milk;pastry;potato products}"
"9260","{frankfurter;root vegetables;other vegetables;hard cheese}"
"9261","{whole milk;zwieback;soda}"
"9262","{frankfurter;whole milk}"
"9263","{dessert;rolls/buns;soda}"
"9264","{other vegetables;whole milk}"
"9265","{oil;hygiene articles}"
"9266","{red/blush wine}"
"9267","{rolls/buns}"
"9268","{tropical fruit;curd}"
"9269","{root vegetables}"
"9270","{yogurt}"
"9271","{sausage;rolls/buns}"
"9272","{whole milk;curd;cream cheese ;cereals;cat food;coffee;waffles}"
"9273","{ham;pip fruit;root vegetables;other vegetables;yogurt;rolls/buns;baking powder}"
"9274","{domestic eggs;rolls/buns;margarine}"
"9275","{tropical fruit;other vegetables;soda}"
"9276","{root vegetables;butter milk;cream cheese ;spread cheese}"
"9277","{chicken;tropical fruit;pip fruit;other vegetables;packaged fruit/vegetables;domestic eggs;rolls/buns;flour;pasta;dog food;bottled water;newspapers}"
"9278","{pork;beef;other vegetables;whole milk;pickled vegetables;long life bakery product;specialty chocolate}"
"9279","{coffee;soda;fruit/vegetable juice;waffles;seasonal products}"
"9280","{waffles}"
"9281","{butter}"
"9282","{sausage;coffee;shopping bags}"
"9283","{other vegetables;dessert;sugar}"
"9284","{house keeping products}"
"9285","{liver loaf;root vegetables;salty snack;cake bar;specialty chocolate}"
"9286","{citrus fruit;root vegetables;whole milk;butter milk;processed cheese;frozen vegetables;mustard;fruit/vegetable juice;napkins}"
"9287","{hamburger meat;root vegetables;whole milk;pastry;sweet spreads}"
"9288","{sausage}"
"9289","{other vegetables;rolls/buns;fruit/vegetable juice;cooking chocolate}"
"9290","{citrus fruit;pip fruit;ice cream;bottled water}"
"9291","{sausage;brown bread;salty snack;chocolate}"
"9292","{other vegetables;rolls/buns;sauces;soda;white wine;newspapers}"
"9293","{ham;butter;condensed milk}"
"9294","{tropical fruit;rolls/buns;bottled water}"
"9295","{napkins;candles}"
"9296","{whole milk;yogurt;chocolate}"
"9297","{brown bread}"
"9298","{sausage;domestic eggs;zwieback;fruit/vegetable juice;newspapers}"
"9299","{hamburger meat;pastry}"
"9300","{citrus fruit;whole milk;flour}"
"9301","{beverages}"
"9302","{frozen meals}"
"9303","{beef;other vegetables;pastry}"
"9304","{sausage;fruit/vegetable juice}"
"9305","{sausage;chicken;citrus fruit;pip fruit;yogurt;condensed milk;frozen vegetables;domestic eggs;rolls/buns;pastry;long life bakery product;waffles;newspapers}"
"9306","{hamburger meat;pip fruit;root vegetables;other vegetables}"
"9307","{grapes}"
"9308","{meat;soda}"
"9309","{other vegetables;whole milk;white bread;soda}"
"9310","{pork;root vegetables;other vegetables;whole milk;cream cheese ;oil;chocolate;napkins}"
"9311","{tropical fruit;yogurt;rolls/buns;candy;shopping bags}"
"9312","{pip fruit;frozen vegetables;bottled water}"
"9313","{brown bread;oil;dishes}"
"9314","{waffles}"
"9315","{whole milk}"
"9316","{whole milk}"
"9317","{root vegetables}"
"9318","{other vegetables;whipped/sour cream;rolls/buns}"
"9319","{pork;beef;tropical fruit;other vegetables;yogurt;frozen vegetables}"
"9320","{pet care}"
"9321","{bottled water}"
"9322","{yogurt;UHT-milk;brandy}"
"9323","{UHT-milk;soda}"
"9324","{canned beer}"
"9325","{bottled water;soda;misc. beverages;bottled beer}"
"9326","{citrus fruit;whole milk;pastry}"
"9327","{UHT-milk;bottled water}"
"9328","{whole milk;domestic eggs;specialty chocolate}"
"9329","{chicken;beef;tropical fruit;pip fruit;root vegetables;other vegetables;whole milk;domestic eggs;pastry;canned vegetables;pickled vegetables;coffee;soda;canned beer;cookware}"
"9330","{citrus fruit;bottled beer;white wine}"
"9331","{pork;whole milk;cake bar}"
"9332","{sausage;other vegetables;whole milk;hard cheese;frozen meals;ice cream;brown bread;pastry;salty snack;shopping bags}"
"9333","{citrus fruit;tropical fruit;pip fruit;rolls/buns;soda;canned beer}"
"9334","{beef;other vegetables;pasta;Instant food products}"
"9335","{berries;other vegetables;yogurt;whipped/sour cream}"
"9336","{beverages}"
"9337","{shopping bags}"
"9338","{chicken;whole milk;white bread}"
"9339","{napkins;dishes}"
"9340","{coffee;dish cleaner}"
"9341","{root vegetables;yogurt;whipped/sour cream;UHT-milk;domestic eggs;rolls/buns;pickled vegetables;soda;bottled beer}"
"9342","{other vegetables;whole milk;yogurt;rolls/buns;pastry;margarine;artif. sweetener;baking powder;soda;candles;newspapers}"
"9343","{canned beer}"
"9344","{bottled beer;brandy;specialty chocolate;skin care}"
"9345","{bottled beer;brandy;specialty chocolate}"
"9346","{hamburger meat;yogurt;margarine;sauces;canned vegetables;soda}"
"9347","{frankfurter;pip fruit;other vegetables;whole milk;butter;pastry;soda;long life bakery product}"
"9348","{root vegetables;other vegetables;butter;hard cheese;margarine;mustard;pickled vegetables}"
"9349","{soda}"
"9350","{soap;dishes}"
"9351","{yogurt;soda}"
"9352","{soda}"
"9353","{newspapers}"
"9354","{whole milk;pastry;soda;specialty bar}"
"9355","{frankfurter;beef;citrus fruit;tropical fruit;onions;other vegetables;whole milk;yogurt;whipped/sour cream;fruit/vegetable juice}"
"9356","{frankfurter;yogurt;sliced cheese;mayonnaise;salty snack}"
"9357","{canned beer}"
"9358","{sparkling wine}"
"9359","{sausage;dessert;domestic eggs;rolls/buns;soda;bottled beer;red/blush wine;salty snack;napkins}"
"9360","{detergent;flower (seeds)}"
"9361","{butter;bottled water;liquor;specialty bar;dishes;shopping bags}"
"9362","{bottled beer;liquor;chewing gum}"
"9363","{ham;whole milk;curd;napkins}"
"9364","{hygiene articles}"
"9365","{tropical fruit;curd;newspapers}"
"9366","{tropical fruit;other vegetables;butter;hard cheese;domestic eggs}"
"9367","{meat;other vegetables}"
"9368","{chicken;pip fruit;spices;white wine}"
"9369","{pet care}"
"9370","{beverages;chocolate}"
"9371","{sausage;other vegetables;whole milk;rolls/buns;soups;cake bar;shopping bags}"
"9372","{yogurt}"
"9373","{whole milk;newspapers}"
"9374","{oil}"
"9375","{sausage;ham;pork;hamburger meat;citrus fruit;whole milk;butter;yogurt;whipped/sour cream;sliced cheese;hard cheese;cream cheese ;frozen meals;brown bread}"
"9376","{coffee;bottled beer}"
"9377","{liver loaf;whole milk;curd;frozen meals}"
"9378","{sausage;frozen fish;semi-finished bread;salty snack;popcorn;napkins}"
"9379","{frankfurter;sausage;whole milk;rolls/buns;oil;cocoa drinks;kitchen towels}"
"9380","{whipped/sour cream}"
"9381","{frozen vegetables}"
"9382","{whipped/sour cream}"
"9383","{frankfurter;light bulbs}"
"9384","{whole milk;butter;domestic eggs;bottled water;salty snack}"
"9385","{yogurt;frozen vegetables}"
"9386","{napkins}"
"9387","{root vegetables;herbs;dessert;yogurt;margarine;soda}"
"9388","{bottled water}"
"9389","{other vegetables;UHT-milk}"
"9390","{bottled water}"
"9391","{pip fruit;root vegetables;packaged fruit/vegetables;whole milk;domestic eggs;flour;salt}"
"9392","{napkins}"
"9393","{tropical fruit;root vegetables;rolls/buns}"
"9394","{yogurt;ice cream;soda;long life bakery product;specialty chocolate;napkins}"
"9395","{sausage;dessert;UHT-milk;soda;white wine}"
"9396","{yogurt;UHT-milk;frozen vegetables;pastry;potato products;soda;shopping bags}"
"9397","{cream cheese }"
"9398","{pip fruit}"
"9399","{pip fruit;whole milk;condensed milk;canned fish;misc. beverages;fruit/vegetable juice;candy}"
"9400","{hamburger meat;brown bread;semi-finished bread}"
"9401","{sugar}"
"9402","{sausage;other vegetables;cream cheese ;soda;canned beer;white wine;specialty chocolate}"
"9403","{sausage;ham;tropical fruit;pip fruit;other vegetables;whole milk;curd;dessert;condensed milk;white bread;fruit/vegetable juice}"
"9404","{sausage;bottled water;canned beer;hygiene articles;shopping bags}"
"9405","{coffee}"
"9406","{pip fruit;butter;beverages;sliced cheese;ice cream;rolls/buns;bottled water}"
"9407","{whole milk;soda}"
"9408","{onions;whole milk;coffee}"
"9409","{ham;whole milk;semi-finished bread}"
"9410","{soda}"
"9411","{root vegetables}"
"9412","{ham;other vegetables;whole milk;dessert;yogurt;pasta;oil;canned fish;coffee;soda;shopping bags}"
"9413","{sausage;ham;other vegetables}"
"9414","{semi-finished bread}"
"9415","{other vegetables;whole milk;soda;specialty bar}"
"9416","{cream cheese ;white bread;Instant food products;fruit/vegetable juice}"
"9417","{dessert;yogurt;frozen vegetables;soda;misc. beverages;white wine;prosecco;long life bakery product;waffles;cleaner;toilet cleaner;dental care;napkins;newspapers}"
"9418","{whole milk}"
"9419","{frankfurter;whipped/sour cream;condensed milk;frozen vegetables;salty snack;candy}"
"9420","{liquor (appetizer)}"
"9421","{curd;specialty chocolate}"
"9422","{curd;yogurt}"
"9423","{other vegetables;butter milk;yogurt;fruit/vegetable juice}"
"9424","{pork;onions;other vegetables;salty snack;flower (seeds)}"
"9425","{frozen meals}"
"9426","{soda;fruit/vegetable juice;chewing gum}"
"9427","{sausage;whole milk;hard cheese;misc. beverages}"
"9428","{other vegetables;soda;specialty bar}"
"9429","{pip fruit;root vegetables;other vegetables;whole milk;yogurt;rolls/buns}"
"9430","{tropical fruit;whole milk;butter;cream cheese ;domestic eggs;fruit/vegetable juice;chocolate marshmallow}"
"9431","{canned beer}"
"9432","{root vegetables;herbs;whole milk}"
"9433","{sausage;white wine;long life bakery product}"
"9434","{bottled water;soda;fruit/vegetable juice}"
"9435","{citrus fruit;tropical fruit;pip fruit;berries;other vegetables;whipped/sour cream;soft cheese;brown bread;zwieback;soups;specialty vegetables;coffee;newspapers;shopping bags}"
"9436","{whole milk}"
"9437","{pastry;margarine;specialty bar;candy}"
"9438","{pip fruit;whole milk;yogurt;whipped/sour cream;cream cheese ;margarine}"
"9439","{pork}"
"9440","{citrus fruit;root vegetables;whole milk;pastry;cat food;soda;cake bar;hygiene articles}"
"9441","{curd;soda}"
"9442","{UHT-milk;soda;canned beer}"
"9443","{rolls/buns;bottled water;liquor}"
"9444","{whole milk;brown bread}"
"9445","{root vegetables;butter milk;specialty cheese;specialty bar}"
"9446","{white bread;pastry;roll products ;soda;fruit/vegetable juice;long life bakery product;waffles;shopping bags}"
"9447","{nuts/prunes;whole milk;hard cheese;processed cheese;newspapers}"
"9448","{whole milk;cream cheese ;newspapers}"
"9449","{soda;liquor;shopping bags}"
"9450","{hygiene articles;shopping bags}"
"9451","{other vegetables;specialty cheese;bottled water;chocolate}"
"9452","{citrus fruit;grapes;whole milk;dessert;yogurt;brown bread;pastry;soda;newspapers;shopping bags}"
"9453","{sausage;root vegetables;other vegetables;butter;domestic eggs;rolls/buns}"
"9454","{bottled beer}"
"9455","{pork;other vegetables;curd}"
"9456","{other vegetables;frozen meals;specialty chocolate}"
"9457","{berries;root vegetables;hard cheese;spread cheese;bottled water;soda;bottled beer;napkins}"
"9458","{citrus fruit;grapes;whole milk;pastry;canned fruit;canned fish;chocolate;specialty bar;hygiene articles;napkins;shopping bags}"
"9459","{sausage;citrus fruit;tropical fruit;other vegetables;tidbits;shopping bags}"
"9460","{citrus fruit;other vegetables;cream cheese ;salty snack;waffles;chocolate;specialty bar;napkins}"
"9461","{root vegetables;other vegetables;frozen vegetables;canned vegetables;coffee}"
"9462","{bottled beer}"
"9463","{coffee}"
"9464","{citrus fruit;other vegetables;whole milk;butter;dental care}"
"9465","{tropical fruit;misc. beverages}"
"9466","{frankfurter;mayonnaise;semi-finished bread;canned beer;sparkling wine;chewing gum;shopping bags}"
"9467","{white wine}"
"9468","{other vegetables;whole milk;brown bread;napkins}"
"9469","{sparkling wine}"
"9470","{frankfurter;sausage;pip fruit;hard cheese;bottled water;seasonal products}"
"9471","{whipped/sour cream;canned fish}"
"9472","{salty snack}"
"9473","{whole milk;pastry;oil;popcorn;snack products;detergent;shopping bags}"
"9474","{sausage;other vegetables;brown bread;salt;canned fish;shopping bags}"
"9475","{dessert;yogurt;soft cheese;soda}"
"9476","{citrus fruit;tropical fruit;pip fruit;root vegetables;other vegetables;chocolate;candy;shopping bags}"
"9477","{pip fruit;beverages;bottled water;soda;fruit/vegetable juice;cling film/bags;shopping bags}"
"9478","{yogurt;artif. sweetener;fruit/vegetable juice;shopping bags}"
"9479","{butter;soda;fruit/vegetable juice;bottled beer}"
"9480","{tropical fruit;curd;bottled water;napkins}"
"9481","{root vegetables;onions;other vegetables;whole milk;frozen vegetables;frozen meals;jam;instant coffee;bottled water;misc. beverages;skin care;hygiene articles;napkins}"
"9482","{meat;whole milk;rolls/buns}"
"9483","{salty snack}"
"9484","{beef}"
"9485","{fish;whole milk}"
"9486","{root vegetables;whole milk;white bread;soda;waffles;specialty bar;hygiene articles}"
"9487","{whole milk}"
"9488","{coffee;bottled water;chocolate marshmallow}"
"9489","{pastry;semi-finished bread;sugar}"
"9490","{waffles}"
"9491","{sausage;citrus fruit;nuts/prunes;white bread;pastry}"
"9492","{sausage;whole milk}"
"9493","{soda}"
"9494","{sausage;citrus fruit}"
"9495","{pip fruit;canned beer;waffles}"
"9496","{citrus fruit;pastry}"
"9497","{brown bread}"
"9498","{soda;bottled beer}"
"9499","{rolls/buns;margarine}"
"9500","{citrus fruit;tropical fruit;pip fruit;onions;other vegetables;beverages;processed cheese}"
"9501","{butter;salt;margarine;sugar}"
"9502","{whole milk;cream cheese }"
"9503","{fruit/vegetable juice;bottled beer}"
"9504","{flower (seeds)}"
"9505","{chocolate}"
"9506","{frozen fruits}"
"9507","{beef}"
"9508","{root vegetables;ice cream}"
"9509","{whole milk;rolls/buns}"
"9510","{sausage;chicken;onions;other vegetables;packaged fruit/vegetables;butter;yogurt;beverages;hard cheese;frozen vegetables;domestic eggs;white bread;bottled water;soda;fruit/vegetable juice;bottled beer;canned beer;sparkling wine;waffles;chocolate;candy;cleaner;dental care}"
"9511","{whole milk;tidbits;rolls/buns;bottled beer;napkins}"
"9512","{butter;butter milk;domestic eggs}"
"9513","{citrus fruit;other vegetables;brown bread}"
"9514","{meat;citrus fruit;tropical fruit;berries;curd;whipped/sour cream;white bread;bottled water;long life bakery product;chocolate marshmallow;candy;dish cleaner}"
"9515","{sausage;hamburger meat;canned beer;dishes}"
"9516","{UHT-milk;frozen meals;brown bread;fruit/vegetable juice;shopping bags}"
"9517","{tropical fruit;frozen vegetables;rolls/buns;semi-finished bread;bottled beer;waffles}"
"9518","{bottled water}"
"9519","{salty snack}"
"9520","{frankfurter;ham;tropical fruit;pip fruit;other vegetables;frozen vegetables;domestic eggs;zwieback;margarine;soda}"
"9521","{tropical fruit;berries;yogurt;brown bread;hygiene articles}"
"9522","{tropical fruit;pip fruit;other vegetables;misc. beverages}"
"9523","{sausage;whole milk;dessert;pastry;soda}"
"9524","{frankfurter;pork;pip fruit;other vegetables;hard cheese;frozen meals;frozen dessert;pastry;semi-finished bread;sugar;soda;salty snack;specialty chocolate;specialty bar;candy;seasonal products}"
"9525","{sausage;tropical fruit;yogurt;canned beer;long life bakery product}"
"9526","{rolls/buns;bottled beer}"
"9527","{hamburger meat;tropical fruit;herbs;other vegetables;whole milk;curd;ice cream;Instant food products;newspapers;shopping bags}"
"9528","{meat}"
"9529","{hamburger meat;whole milk;cream cheese ;pastry;misc. beverages;fruit/vegetable juice;white wine}"
"9530","{ham;rolls/buns}"
"9531","{beef;yogurt;margarine}"
"9532","{meat}"
"9533","{tropical fruit;rolls/buns;salt;fruit/vegetable juice;bottled beer;napkins}"
"9534","{whole milk;condensed milk;ice cream;coffee;napkins;kitchen towels;shopping bags}"
"9535","{frankfurter;nuts/prunes;frozen meals;rolls/buns;chocolate}"
"9536","{bottled water;soda;napkins}"
"9537","{citrus fruit;pip fruit;berries;house keeping products}"
"9538","{other vegetables;oil}"
"9539","{dessert;soda;cake bar;shopping bags}"
"9540","{oil;ketchup;coffee}"
"9541","{bottled water}"
"9542","{root vegetables;other vegetables;butter;chocolate}"
"9543","{chicken}"
"9544","{whole milk;whipped/sour cream;sweet spreads;waffles;chewing gum}"
"9545","{frozen vegetables}"
"9546","{tropical fruit;yogurt;rolls/buns;pastry;coffee;bottled water;newspapers}"
"9547","{root vegetables;whole milk;frozen meals;domestic eggs;white bread;white wine}"
"9548","{pork}"
"9549","{cream cheese ;rolls/buns;fruit/vegetable juice}"
"9550","{zwieback}"
"9551","{chicken}"
"9552","{bottled water}"
"9553","{pork;curd;dessert;whipped/sour cream;flour;bottled water}"
"9554","{sausage;tropical fruit;yogurt;frozen meals;ice cream;brown bread}"
"9555","{whole milk;coffee}"
"9556","{nuts/prunes;yogurt;fruit/vegetable juice;specialty chocolate}"
"9557","{sausage;frozen vegetables;domestic eggs;bottled water;bottled beer}"
"9558","{brandy}"
"9559","{chicken;frozen meals;margarine;soda}"
"9560","{spread cheese;rolls/buns;white bread;pet care;fruit/vegetable juice;newspapers}"
"9561","{tropical fruit;frozen vegetables}"
"9562","{canned beer}"
"9563","{chicken;root vegetables;whole milk;rice;oil}"
"9564","{yogurt;vinegar}"
"9565","{citrus fruit;whole milk;yogurt;spread cheese;brown bread;bottled beer;white wine;long life bakery product;flower (seeds)}"
"9566","{waffles;candy}"
"9567","{chicken;cream cheese ;rice}"
"9568","{chewing gum}"
"9569","{whole milk;bottled water;bottled beer}"
"9570","{bottled beer}"
"9571","{rolls/buns;brown bread}"
"9572","{other vegetables}"
"9573","{frankfurter;beef;tropical fruit;grapes;onions;other vegetables;whole milk;whipped/sour cream;cream cheese ;semi-finished bread;vinegar}"
"9574","{finished products;chicken;root vegetables;whole milk;butter milk;brown bread;fruit/vegetable juice}"
"9575","{sausage;pip fruit;root vegetables;cream cheese ;specialty cheese;white bread;brown bread;salt;margarine;canned fish;bottled water;soda;waffles;shopping bags}"
"9576","{sausage;hamburger meat;other vegetables;rolls/buns;pasta;Instant food products;shopping bags}"
"9577","{rolls/buns}"
"9578","{root vegetables;whole milk;spread cheese;rolls/buns;coffee;newspapers}"
"9579","{whole milk;brown bread;sugar}"
"9580","{whole milk;rolls/buns}"
"9581","{sausage;margarine;shopping bags}"
"9582","{whole milk;yogurt}"
"9583","{pip fruit}"
"9584","{soda;chewing gum;specialty bar}"
"9585","{sausage;ham;beef;root vegetables;UHT-milk;pet care;soda}"
"9586","{frankfurter;canned fish;napkins;newspapers}"
"9587","{cat food;bottled water;hygiene articles}"
"9588","{frankfurter;ham;tropical fruit;other vegetables;whole milk;processed cheese;white bread;potato products;fruit/vegetable juice;decalcifier;shopping bags}"
"9589","{pork;root vegetables}"
"9590","{pork;root vegetables;processed cheese;curd cheese;margarine}"
"9591","{canned beer;shopping bags}"
"9592","{grapes;soft cheese;bottled water}"
"9593","{pork}"
"9594","{beef;hamburger meat;citrus fruit;tropical fruit;root vegetables;onions;other vegetables;whole milk;curd;whipped/sour cream;flour;pudding powder}"
"9595","{beef;grapes;herbs;other vegetables;whole milk;curd;whipped/sour cream;frozen vegetables;ice cream;oil;coffee;fruit/vegetable juice;chewing gum;specialty chocolate;cleaner;kitchen towels}"
"9596","{sausage;meat;whole milk;cream cheese ;soda;cake bar;seasonal products}"
"9597","{frankfurter;pork;UHT-milk;condensed milk}"
"9598","{tropical fruit;onions;white wine}"
"9599","{frankfurter;herbs}"
"9600","{pastry}"
"9601","{whole milk}"
"9602","{ham;sliced cheese;white bread;canned vegetables;misc. beverages;shopping bags}"
"9603","{rolls/buns}"
"9604","{finished products}"
"9605","{pork;pip fruit;other vegetables;butter milk;white bread;pastry;soda;fruit/vegetable juice}"
"9606","{oil;soda;newspapers}"
"9607","{finished products;onions;salty snack}"
"9608","{frankfurter;pork;citrus fruit;whole milk;whipped/sour cream;rolls/buns;oil;sugar;soups;bottled water;bottled beer}"
"9609","{chicken;citrus fruit;onions;other vegetables;yogurt;pet care;pot plants}"
"9610","{frozen meals;canned beer;candy}"
"9611","{curd;cat food}"
"9612","{root vegetables;whole milk;curd;rolls/buns;pastry;pasta;napkins}"
"9613","{beverages}"
"9614","{whole milk;specialty cheese;frozen vegetables}"
"9615","{pork;whole milk;frozen meals;rolls/buns;pastry;ready soups;waffles;chocolate;shopping bags}"
"9616","{frozen meals;shopping bags}"
"9617","{beef;other vegetables;whole milk;yogurt;brown bread;liquor;newspapers}"
"9618","{coffee}"
"9619","{pork;whole milk;yogurt;tidbits;rolls/buns;pickled vegetables;bags}"
"9620","{jam;hygiene articles}"
"9621","{chocolate}"
"9622","{soda}"
"9623","{ham;chicken;pork;root vegetables;whole milk;whipped/sour cream;rolls/buns;sugar;soda;waffles;chocolate;specialty chocolate;chocolate marshmallow;napkins}"
"9624","{chewing gum;chocolate}"
"9625","{finished products;other vegetables;butter;cream cheese ;processed cheese;domestic eggs;rolls/buns;pastry;long life bakery product;candy}"
"9626","{soda}"
"9627","{frankfurter;yogurt;rolls/buns}"
"9628","{other vegetables;whole milk;curd}"
"9629","{sausage;butter;pastry;vinegar;margarine}"
"9630","{pastry;soda}"
"9631","{specialty bar;hygiene articles}"
"9632","{butter milk;frozen dessert;soda;shopping bags}"
"9633","{tropical fruit;pip fruit;yogurt}"
"9634","{pet care;bottled beer}"
"9635","{chicken;pip fruit;soda}"
"9636","{other vegetables;yogurt;whipped/sour cream;frozen vegetables;rice;soda;chocolate;cling film/bags;flower (seeds)}"
"9637","{other vegetables;packaged fruit/vegetables;yogurt;whipped/sour cream;beverages}"
"9638","{whole milk;instant coffee;misc. beverages;fruit/vegetable juice;chewing gum;shopping bags}"
"9639","{whole milk}"
"9640","{tropical fruit;whole milk;curd;dessert;pasta;cat food;fruit/vegetable juice;waffles}"
"9641","{sausage}"
"9642","{sausage;chicken;pip fruit;spread cheese;rolls/buns;sugar}"
"9643","{rolls/buns;canned beer;hygiene articles}"
"9644","{UHT-milk;coffee}"
"9645","{whole milk}"
"9646","{citrus fruit;whole milk;fruit/vegetable juice;white wine;chocolate}"
"9647","{white wine;shopping bags}"
"9648","{curd}"
"9649","{bottled beer;liquor;rum}"
"9650","{root vegetables;onions;shopping bags}"
"9651","{yogurt;frozen meals;coffee;bottled water;shopping bags}"
"9652","{zwieback}"
"9653","{ham;other vegetables}"
"9654","{citrus fruit;other vegetables;whole milk;yogurt;UHT-milk;white bread;salt;Instant food products;bottled water;nut snack;newspapers}"
"9655","{whole milk;pastry}"
"9656","{liqueur}"
"9657","{beef;tropical fruit;other vegetables;whole milk;cream cheese ;rolls/buns;mustard;bottled water;red/blush wine;dishes}"
"9658","{semi-finished bread;seasonal products}"
"9659","{frankfurter;tropical fruit;whole milk;brown bread;mustard;baking powder;meat spreads;fruit/vegetable juice;shopping bags}"
"9660","{rolls/buns;bottled beer}"
"9661","{frankfurter;sausage;meat;hamburger meat;other vegetables;whole milk;butter;rolls/buns;coffee;bottled water}"
"9662","{hamburger meat;root vegetables;other vegetables;rolls/buns;roll products ;pet care;newspapers}"
"9663","{other vegetables;domestic eggs;brown bread;soda;liquor;shopping bags}"
"9664","{condensed milk;frozen dessert}"
"9665","{whole milk}"
"9666","{other vegetables}"
"9667","{butter milk;photo/film}"
"9668","{bottled beer}"
"9669","{beef;whole milk;yogurt;pastry}"
"9670","{curd;brown bread;canned fruit;shopping bags}"
"9671","{bottled beer}"
"9672","{pastry}"
"9673","{white wine}"
"9674","{other vegetables;whole milk;curd;waffles;specialty bar;detergent;napkins}"
"9675","{whole milk;butter;curd;processed cheese;rolls/buns;brown bread;misc. beverages;long life bakery product}"
"9676","{ham;tropical fruit;whole milk;dessert;butter milk;brown bread;pastry;oil;cake bar;chocolate}"
"9677","{tropical fruit;dessert;tidbits;pastry;waffles;cleaner}"
"9678","{sausage;ham;pip fruit;whole milk;curd;butter milk;yogurt;sliced cheese}"
"9679","{other vegetables;domestic eggs}"
"9680","{sausage;ham;hard cheese;sauces}"
"9681","{domestic eggs;brown bread;flour;oil;cat food;coffee;soda;candy;hygiene articles;kitchen towels}"
"9682","{other vegetables}"
"9683","{sausage;root vegetables;dessert;pastry;flour;sugar;soda;cake bar}"
"9684","{tropical fruit;berries;onions;butter;yogurt;coffee;soda;fruit/vegetable juice;specialty bar}"
"9685","{waffles;shopping bags}"
"9686","{pastry;house keeping products}"
"9687","{pork;processed cheese;bottled beer}"
"9688","{waffles;detergent}"
"9689","{pip fruit;other vegetables;coffee}"
"9690","{rolls/buns}"
"9691","{yogurt;domestic eggs;pastry}"
"9692","{frankfurter;yogurt;UHT-milk;pastry;potato products;vinegar;artif. sweetener;cat food;coffee;bottled water}"
"9693","{cream;cake bar}"
"9694","{yogurt;rolls/buns;chewing gum}"
"9695","{instant coffee}"
"9696","{berries}"
"9697","{dessert;cream cheese ;waffles}"
"9698","{whole milk;ice cream;shopping bags}"
"9699","{whole milk}"
"9700","{brown bread;vinegar}"
"9701","{sausage;citrus fruit;whole milk}"
"9702","{onions;packaged fruit/vegetables;whole milk;sliced cheese;domestic eggs;brown bread;ketchup;meat spreads;newspapers;flower (seeds)}"
"9703","{hygiene articles}"
"9704","{whole milk}"
"9705","{other vegetables;rolls/buns}"
"9706","{tropical fruit;canned vegetables;bottled beer;specialty chocolate}"
"9707","{salty snack}"
"9708","{whole milk;margarine}"
"9709","{yogurt;brown bread;coffee}"
"9710","{pork;yogurt;coffee}"
"9711","{bottled water;bottled beer}"
"9712","{whole milk}"
"9713","{salty snack}"
"9714","{bottled beer;seasonal products}"
"9715","{ham;whole milk;butter;curd;dessert;butter milk;yogurt;soft cheese;brown bread;pastry;fruit/vegetable juice;chocolate;shopping bags}"
"9716","{ice cream;pastry;soda;salty snack}"
"9717","{chocolate marshmallow;candy}"
"9718","{pip fruit;other vegetables;yogurt;frozen meals;pastry;waffles;specialty bar}"
"9719","{whole milk;bottled water;rum;chewing gum}"
"9720","{yogurt}"
"9721","{yogurt}"
"9722","{hygiene articles;napkins}"
"9723","{UHT-milk;coffee;canned beer;specialty chocolate;candy}"
"9724","{root vegetables;herbs;other vegetables;napkins;flower (seeds)}"
"9725","{chocolate}"
"9726","{sausage;root vegetables;other vegetables;whole milk;yogurt;beverages;brown bread;fruit/vegetable juice}"
"9727","{tropical fruit;whole milk;butter;bottled water;hygiene articles;napkins}"
"9728","{finished products;yogurt;pasta}"
"9729","{tropical fruit;long life bakery product;chocolate}"
"9730","{ham;chicken;other vegetables;whole milk;frozen vegetables;specialty chocolate}"
"9731","{root vegetables;rolls/buns;white bread;pastry;oil;Instant food products;napkins}"
"9732","{newspapers}"
"9733","{pork;hamburger meat;tropical fruit;whole milk;margarine;canned vegetables;shopping bags}"
"9734","{coffee;photo/film}"
"9735","{citrus fruit;pip fruit;root vegetables;whole milk;butter;whipped/sour cream;salt;tea;bottled water;chocolate}"
"9736","{bottled beer;liquor (appetizer);dental care;newspapers}"
"9737","{frankfurter;rolls/buns;fruit/vegetable juice}"
"9738","{rolls/buns}"
"9739","{frankfurter;soda}"
"9740","{chicken}"
"9741","{pip fruit;whole milk;yogurt;soft cheese;sliced cheese;cream cheese ;margarine;bottled water;fruit/vegetable juice;rum;cling film/bags}"
"9742","{citrus fruit;tropical fruit;oil}"
"9743","{root vegetables;other vegetables;pastry;pickled vegetables}"
"9744","{other vegetables;rolls/buns;soda;chocolate}"
"9745","{frankfurter;citrus fruit;other vegetables;whole milk;condensed milk;rolls/buns;white bread;coffee;fruit/vegetable juice;bottled beer;brandy}"
"9746","{meat;specialty chocolate}"
"9747","{whole milk;brown bread;flower (seeds)}"
"9748","{rolls/buns;pastry;soda}"
"9749","{soda;waffles}"
"9750","{sliced cheese}"
"9751","{sausage;root vegetables;chocolate}"
"9752","{root vegetables;herbs;yogurt;whipped/sour cream;UHT-milk;frozen vegetables;long life bakery product}"
"9753","{hamburger meat;onions;whole milk;rolls/buns;pasta}"
"9754","{tropical fruit;whole milk;whipped/sour cream;sliced cheese;domestic eggs;rolls/buns;margarine;bottled water;fruit/vegetable juice}"
"9755","{bottled beer}"
"9756","{sausage;domestic eggs;rolls/buns;brown bread}"
"9757","{condensed milk;rolls/buns;coffee;newspapers}"
"9758","{whole milk;beverages;pastry;newspapers}"
"9759","{chicken}"
"9760","{whole milk}"
"9761","{beef;whole milk;rolls/buns;canned vegetables;fruit/vegetable juice;waffles;chocolate;newspapers}"
"9762","{root vegetables}"
"9763","{chicken;citrus fruit;softener}"
"9764","{pork}"
"9765","{frozen vegetables;frozen meals;shopping bags}"
"9766","{whole milk;rolls/buns;specialty bar}"
"9767","{hamburger meat;other vegetables;yogurt;brown bread;pastry;cat food;abrasive cleaner;dishes}"
"9768","{frankfurter;tropical fruit;other vegetables;whole milk;soft cheese;curd cheese;cat food;hygiene articles;shopping bags}"
"9769","{tropical fruit;pip fruit;root vegetables;yogurt;whipped/sour cream;cream cheese ;bottled water;dental care;newspapers}"
"9770","{soda}"
"9771","{yogurt;pastry}"
"9772","{UHT-milk;cream cheese ;soda;waffles}"
"9773","{pastry;coffee;liquor (appetizer);red/blush wine;shopping bags}"
"9774","{citrus fruit;pip fruit;other vegetables;UHT-milk;salty snack}"
"9775","{white bread}"
"9776","{oil;detergent}"
"9777","{root vegetables;other vegetables;butter milk;rolls/buns;salt}"
"9778","{pork;beef;whole milk;yogurt;sliced cheese;oil}"
"9779","{tropical fruit;whole milk;yogurt;rolls/buns;pastry;waffles}"
"9780","{sausage;tropical fruit;butter;yogurt;rolls/buns;pastry;instant coffee;bottled water;soda;newspapers}"
"9781","{meat;whole milk;butter;hard cheese;rolls/buns}"
"9782","{sausage;whole milk;whipped/sour cream;sliced cheese;coffee}"
"9783","{curd;frozen meals;pastry;long life bakery product;waffles;napkins}"
"9784","{whole milk;bottled beer}"
"9785","{sausage;ham;whole milk;coffee;soda;red/blush wine}"
"9786","{sausage;onions;spread cheese;bottled water;canned beer}"
"9787","{shopping bags}"
"9788","{UHT-milk;cream cheese ;coffee;bottled water}"
"9789","{frankfurter;beef;herbs;whole milk;rolls/buns}"
"9790","{soda;canned beer}"
"9791","{citrus fruit;curd cheese;abrasive cleaner;house keeping products}"
"9792","{chicken;berries;root vegetables;other vegetables;whole milk;butter;curd;condensed milk;rolls/buns;white bread;brown bread;oil;baking powder;salty snack;long life bakery product}"
"9793","{pork;hamburger meat;pip fruit;root vegetables;onions;other vegetables;whole milk;dessert;whipped/sour cream;soft cheese;hard cheese;domestic eggs;salt;pasta;cat food;fruit/vegetable juice;kitchen towels}"
"9794","{frankfurter;sausage;butter milk;rolls/buns;margarine}"
"9795","{pip fruit;whole milk;pastry;hygiene articles;napkins}"
"9796","{chicken;pork;coffee;canned beer}"
"9797","{ham;hamburger meat;pip fruit;butter;butter milk;yogurt;frozen meals;rolls/buns;semi-finished bread;pasta;sweet spreads;waffles;softener;shopping bags}"
"9798","{beverages;pastry;newspapers}"
"9799","{margarine;sugar;bottled water;fruit/vegetable juice;newspapers}"
"9800","{pork;other vegetables;chewing gum;napkins;dishes}"
"9801","{ham;other vegetables;whole milk;whipped/sour cream;brown bread;oil;sugar;hygiene articles}"
"9802","{berries;curd;yogurt;whipped/sour cream;rolls/buns;soda;female sanitary products}"
"9803","{tropical fruit;whole milk;curd;yogurt;sliced cheese;mayonnaise;frozen meals;pastry;soda}"
"9804","{tropical fruit;nuts/prunes;other vegetables;whole milk;dessert;sliced cheese;soda;bottled beer;napkins}"
"9805","{pastry;newspapers}"
"9806","{dessert;white bread;margarine;sugar;chocolate}"
"9807","{whole milk;curd;bottled water}"
"9808","{ice cream}"
"9809","{sliced cheese;frozen meals;margarine;red/blush wine}"
"9810","{beef;root vegetables;other vegetables;frozen vegetables;frozen dessert;domestic eggs}"
"9811","{meat;hamburger meat;Instant food products;soda}"
"9812","{citrus fruit;berries;other vegetables;whole milk;frozen meals;newspapers}"
"9813","{tropical fruit;pip fruit;rolls/buns;pastry;bottled water;fruit/vegetable juice;newspapers}"
"9814","{sausage;whole milk;sliced cheese;pastry}"
"9815","{whole milk;yogurt;frozen meals;bottled water}"
"9816","{frozen meals}"
"9817","{sausage;citrus fruit;root vegetables}"
"9818","{sausage;other vegetables;whole milk;dessert;butter milk;yogurt;whipped/sour cream;brown bread;bottled water;soda;long life bakery product;cake bar}"
"9819","{newspapers}"
"9820","{whole milk;curd;yogurt;whipped/sour cream;rolls/buns;coffee;bottled water;waffles;newspapers}"
"9821","{beef;citrus fruit;cream cheese ;frozen fish;flour;margarine;sugar;baking powder;salty snack;chewing gum}"
"9822","{pip fruit;grapes;berries;other vegetables;whole milk;UHT-milk;rolls/buns;zwieback;bottled water;soda;red/blush wine;specialty bar}"
"9823","{yogurt;long life bakery product}"
"9824","{pork;frozen vegetables;pastry}"
"9825","{ice cream;long life bakery product;specialty chocolate;specialty bar}"
"9826","{chicken;hamburger meat;citrus fruit;root vegetables;other vegetables;cream cheese ;curd cheese;domestic eggs;cat food;long life bakery product}"
"9827","{citrus fruit;herbs;other vegetables;dessert;sugar;shopping bags}"
"9828","{frankfurter;tropical fruit;other vegetables;whole milk;frozen meals;rolls/buns;detergent;napkins;newspapers}"
"9829","{sausage;butter;rolls/buns;pickled vegetables;soda;fruit/vegetable juice;waffles}"
"9830","{tropical fruit;other vegetables;domestic eggs;zwieback;ketchup;soda;dishes}"
"9831","{sausage;chicken;beef;hamburger meat;citrus fruit;grapes;root vegetables;whole milk;butter;whipped/sour cream;flour;coffee;red/blush wine;salty snack;chocolate;hygiene articles;napkins}"
"9832","{cooking chocolate}"
"9833","{chicken;citrus fruit;other vegetables;butter;yogurt;frozen dessert;domestic eggs;rolls/buns;rum;cling film/bags}"
"9834","{semi-finished bread;bottled water;soda;bottled beer}"
"9835","{chicken;tropical fruit;other vegetables;vinegar;shopping bags}"
